video_id,frame_idx,source_file,label,label_name,has_person,valid_joint_count,joint_0_name,joint_0_x,joint_0_y,joint_0_c,joint_1_name,joint_1_x,joint_1_y,joint_1_c,joint_2_name,joint_2_x,joint_2_y,joint_2_c,joint_3_name,joint_3_x,joint_3_y,joint_3_c,joint_4_name,joint_4_x,joint_4_y,joint_4_c,joint_5_name,joint_5_x,joint_5_y,joint_5_c,joint_6_name,joint_6_x,joint_6_y,joint_6_c,joint_7_name,joint_7_x,joint_7_y,joint_7_c,joint_8_name,joint_8_x,joint_8_y,joint_8_c,joint_9_name,joint_9_x,joint_9_y,joint_9_c,joint_10_name,joint_10_x,joint_10_y,joint_10_c,joint_11_name,joint_11_x,joint_11_y,joint_11_c,joint_12_name,joint_12_x,joint_12_y,joint_12_c,joint_13_name,joint_13_x,joint_13_y,joint_13_c,joint_14_name,joint_14_x,joint_14_y,joint_14_c
Not_Fall__Not_Fall_Sleep_nf_raw_b_3_B_M_206,0,C:\Users\ASUS\Downloads\3D_Human_Pose_NCKH\paper_baselines\lin2021_yolov8_lstm_gru\data\raw_yolov8_keypoints\Not_Fall\Not_Fall_Not_Fall_Sleep_nf_raw_b_3_B_M_206.csv,0,Not_Fall,1,15,nose,872.9653930664062,354.8819274902344,0.9640161395072937,neck,864.2669067382812,434.04290771484375,0.9899046421051025,right_shoulder,828.567138671875,447.806884765625,0.9904257655143738,right_elbow,880.8250732421875,614.8244018554688,0.9541741013526917,right_wrist,1024.262451171875,636.07177734375,0.9287647604942322,left_shoulder,899.9666748046875,420.2789306640625,0.9893835186958313,left_elbow,976.118408203125,535.6139526367188,0.922227680683136,left_wrist,1080.3814697265625,495.4913635253906,0.8757823705673218,mid_hip,983.964599609375,617.8441772460938,0.98451167345047,right_hip,961.9879150390625,633.9392700195312,0.9858781099319458,right_knee,1167.6143798828125,621.4719848632812,0.9859289526939392,right_ankle,1207.556884765625,852.9913330078125,0.9538021683692932,left_hip,1005.9412841796875,601.7490234375,0.9831452369689941,left_knee,1190.8531494140625,607.9481201171875,0.9814574122428894,left_ankle,1204.0283203125,831.4528198242188,0.9468242526054382
Not_Fall__Not_Fall_Sleep_nf_raw_b_3_B_M_206,1,C:\Users\ASUS\Downloads\3D_Human_Pose_NCKH\paper_baselines\lin2021_yolov8_lstm_gru\data\raw_yolov8_keypoints\Not_Fall\Not_Fall_Not_Fall_Sleep_nf_raw_b_3_B_M_206.csv,0,Not_Fall,1,15,nose,872.994873046875,354.87591552734375,0.9639273881912231,neck,864.278564453125,434.03192138671875,0.9898864030838013,right_shoulder,828.58642578125,447.8215026855469,0.9904278516769409,right_elbow,880.8868408203125,614.8648681640625,0.9543167948722839,right_wrist,1024.272216796875,636.08203125,0.9290106892585754,left_shoulder,899.970703125,420.24237060546875,0.9893450140953064,left_elbow,976.1207885742188,535.6380004882812,0.9220184683799744,left_wrist,1080.3619384765625,495.4246826171875,0.8756555914878845,mid_hip,984.0177001953125,617.9038696289062,0.9845015406608582,right_hip,962.0382080078125,634.0064697265625,0.9858878254890442,right_knee,1167.4091796875,621.4472045898438,0.9859368205070496,right_ankle,1206.911376953125,852.802734375,0.9538532495498657,left_hip,1005.9971923828125,601.8012084960938,0.9831152558326721,left_knee,1190.734619140625,607.7860107421875,0.9814251661300659,left_ankle,1203.6934814453125,831.101318359375,0.9468217492103577
Not_Fall__Not_Fall_Sleep_nf_raw_b_3_B_M_206,2,C:\Users\ASUS\Downloads\3D_Human_Pose_NCKH\paper_baselines\lin2021_yolov8_lstm_gru\data\raw_yolov8_keypoints\Not_Fall\Not_Fall_Not_Fall_Sleep_nf_raw_b_3_B_M_206.csv,0,Not_Fall,1,15,nose,873.2535400390625,354.93438720703125,0.9637280702590942,neck,864.263427734375,433.98590087890625,0.9898890256881714,right_shoulder,828.6265869140625,447.7746276855469,0.9904695153236389,right_elbow,880.87646484375,614.8338623046875,0.9546675086021423,right_wrist,1024.33935546875,636.1681518554688,0.929468035697937,left_shoulder,899.9002685546875,420.19720458984375,0.9893084764480591,left_elbow,976.036865234375,535.61767578125,0.9217624664306641,left_wrist,1080.363525390625,495.48858642578125,0.8754101991653442,mid_hip,984.0010986328125,617.8751220703125,0.9845548868179321,right_hip,962.079345703125,633.9808959960938,0.9859668612480164,right_knee,1167.8038330078125,621.6264038085938,0.985993504524231,right_ankle,1207.010986328125,852.865966796875,0.953937828540802,left_hip,1005.9228515625,601.769287109375,0.9831429123878479,left_knee,1190.80859375,608.0152587890625,0.9814272522926331,left_ankle,1203.349365234375,831.1944580078125,0.9468008279800415
Not_Fall__Not_Fall_Sleep_nf_raw_b_3_B_M_206,3,C:\Users\ASUS\Downloads\3D_Human_Pose_NCKH\paper_baselines\lin2021_yolov8_lstm_gru\data\raw_yolov8_keypoints\Not_Fall\Not_Fall_Not_Fall_Sleep_nf_raw_b_3_B_M_206.csv,0,Not_Fall,1,15,nose,873.2642822265625,354.94189453125,0.9637106657028198,neck,864.2532348632812,434.01165771484375,0.9898266196250916,right_shoulder,828.5482177734375,447.8158264160156,0.9903987646102905,right_elbow,880.8645629882812,614.8313598632812,0.9542890191078186,right_wrist,1024.2884521484375,636.0869750976562,0.9289742708206177,left_shoulder,899.958251953125,420.20745849609375,0.9892544746398926,left_elbow,976.0654907226562,535.5887451171875,0.9214291572570801,left_wrist,1080.32275390625,495.44073486328125,0.8749141097068787,mid_hip,984.0341796875,617.8882446289062,0.9844302535057068,right_hip,962.05078125,634.0113525390625,0.9858430027961731,right_knee,1167.44287109375,621.4088134765625,0.9859212040901184,right_ankle,1206.9591064453125,852.94482421875,0.9538370966911316,left_hip,1006.017578125,601.76513671875,0.9830175638198853,left_knee,1190.855224609375,607.638671875,0.9813598394393921,left_ankle,1203.5830078125,831.215087890625,0.9467405676841736
Not_Fall__Not_Fall_Sleep_nf_raw_b_3_B_M_206,4,C:\Users\ASUS\Downloads\3D_Human_Pose_NCKH\paper_baselines\lin2021_yolov8_lstm_gru\data\raw_yolov8_keypoints\Not_Fall\Not_Fall_Not_Fall_Sleep_nf_raw_b_3_B_M_206.csv,0,Not_Fall,1,15,nose,873.2682495117188,354.9390563964844,0.9637198448181152,neck,864.2314453125,433.9745788574219,0.9899137020111084,right_shoulder,828.6337280273438,447.76483154296875,0.9905093908309937,right_elbow,880.874755859375,614.7958374023438,0.9548535346984863,right_wrist,1024.283935546875,636.0894775390625,0.9296422004699707,left_shoulder,899.8291625976562,420.1842956542969,0.9893179535865784,left_elbow,976.0291748046875,535.5682373046875,0.9218189716339111,left_wrist,1080.36767578125,495.48345947265625,0.8754379749298096,mid_hip,983.8063354492188,617.9421997070312,0.9846425652503967,right_hip,961.9097900390625,634.0465087890625,0.9860554933547974,right_knee,1167.6591796875,621.4631958007812,0.9860894680023193,right_ankle,1207.2894287109375,852.9481201171875,0.9542194604873657,left_hip,1005.702880859375,601.837890625,0.9832295775413513,left_knee,1190.68505859375,607.8797607421875,0.9815338253974915,left_ankle,1203.6962890625,831.4015502929688,0.9470841884613037
Not_Fall__Not_Fall_Sleep_nf_raw_b_3_B_M_206,5,C:\Users\ASUS\Downloads\3D_Human_Pose_NCKH\paper_baselines\lin2021_yolov8_lstm_gru\data\raw_yolov8_keypoints\Not_Fall\Not_Fall_Not_Fall_Sleep_nf_raw_b_3_B_M_206.csv,0,Not_Fall,1,15,nose,873.2589111328125,354.94964599609375,0.9637080430984497,neck,864.3099365234375,434.0064392089844,0.9899684190750122,right_shoulder,828.709228515625,447.78717041015625,0.9905763864517212,right_elbow,880.924072265625,614.8045043945312,0.9552106261253357,right_wrist,1024.2789306640625,636.1193237304688,0.9300609230995178,left_shoulder,899.91064453125,420.2257080078125,0.9893604516983032,left_elbow,976.0968017578125,535.6073608398438,0.9220975041389465,left_wrist,1080.319091796875,495.4837646484375,0.8757882118225098,mid_hip,983.6987915039062,617.8325805664062,0.9847951531410217,right_hip,961.8076171875,633.9217529296875,0.9862063527107239,right_knee,1167.668212890625,621.5880737304688,0.9862233996391296,right_ankle,1207.25146484375,853.0259399414062,0.9545546174049377,left_hip,1005.5899658203125,601.743408203125,0.9833840131759644,left_knee,1190.533935546875,608.0457763671875,0.9816806316375732,left_ankle,1203.5146484375,831.4370727539062,0.9474161267280579
Not_Fall__Not_Fall_Sleep_nf_raw_b_3_B_M_206,6,C:\Users\ASUS\Downloads\3D_Human_Pose_NCKH\paper_baselines\lin2021_yolov8_lstm_gru\data\raw_yolov8_keypoints\Not_Fall\Not_Fall_Not_Fall_Sleep_nf_raw_b_3_B_M_206.csv,0,Not_Fall,1,15,nose,859.8917236328125,361.93780517578125,0.9660064578056335,neck,859.3609008789062,440.18853759765625,0.9933528900146484,right_shoulder,825.0531005859375,456.3045959472656,0.9943042397499084,right_elbow,876.81591796875,613.5980224609375,0.9753220081329346,right_wrist,1023.3233642578125,635.9832763671875,0.9580992460250854,left_shoulder,893.6687622070312,424.07244873046875,0.9924014806747437,left_elbow,968.8082275390625,534.73046875,0.9474238157272339,left_wrist,1071.6959228515625,489.69580078125,0.913608729839325,mid_hip,987.21435546875,613.09912109375,0.9934243559837341,right_hip,965.3658447265625,630.600341796875,0.9943324327468872,right_knee,1160.8115234375,622.4241333007812,0.993672251701355,right_ankle,1206.489990234375,843.4696655273438,0.9765601754188538,left_hip,1009.0629272460938,595.597900390625,0.9925163388252258,left_knee,1196.814697265625,600.6729736328125,0.9908535480499268,left_ankle,1238.37158203125,815.306396484375,0.9713295698165894
Not_Fall__Not_Fall_Sleep_nf_raw_b_3_B_M_206,7,C:\Users\ASUS\Downloads\3D_Human_Pose_NCKH\paper_baselines\lin2021_yolov8_lstm_gru\data\raw_yolov8_keypoints\Not_Fall\Not_Fall_Not_Fall_Sleep_nf_raw_b_3_B_M_206.csv,0,Not_Fall,1,15,nose,854.1630859375,370.32366943359375,0.9715883135795593,neck,848.0699462890625,444.0966491699219,0.9959895014762878,right_shoulder,814.24853515625,458.1480712890625,0.9968644976615906,right_elbow,883.4140625,611.5042724609375,0.9860206246376038,right_wrist,1023.0750732421875,634.0617065429688,0.9702998399734497,left_shoulder,881.8914184570312,430.04522705078125,0.9951144456863403,left_elbow,962.2998046875,530.9387817382812,0.9659997820854187,left_wrist,1064.8466796875,482.60333251953125,0.9304892420768738,mid_hip,986.0382690429688,612.5855712890625,0.996354877948761,right_hip,967.2635498046875,629.45068359375,0.9969321489334106,right_knee,1183.2353515625,616.8361206054688,0.9947803616523743,right_ankle,1247.3382568359375,825.1728515625,0.9809531569480896,left_hip,1004.81298828125,595.7205200195312,0.9957776069641113,left_knee,1186.4439697265625,597.6275634765625,0.9919205904006958,left_ankle,1219.456787109375,809.7247314453125,0.9746747016906738
Not_Fall__Not_Fall_Sleep_nf_raw_b_3_B_M_206,8,C:\Users\ASUS\Downloads\3D_Human_Pose_NCKH\paper_baselines\lin2021_yolov8_lstm_gru\data\raw_yolov8_keypoints\Not_Fall\Not_Fall_Not_Fall_Sleep_nf_raw_b_3_B_M_206.csv,0,Not_Fall,1,15,nose,847.643310546875,374.8406066894531,0.9694303870201111,neck,842.1763916015625,448.2408142089844,0.9969464540481567,right_shoulder,807.1594848632812,463.30963134765625,0.9979254007339478,right_elbow,880.601318359375,620.082763671875,0.9897761344909668,right_wrist,1024.371826171875,635.9364624023438,0.9736846685409546,left_shoulder,877.1932373046875,433.1719970703125,0.9959675073623657,left_elbow,954.9818115234375,531.0055541992188,0.9666919708251953,left_wrist,1056.786376953125,476.958251953125,0.9227960109710693,mid_hip,984.6036987304688,609.9017944335938,0.9972735047340393,right_hip,966.1942138671875,626.17724609375,0.9978514909744263,right_knee,1188.36376953125,610.5697021484375,0.9956281185150146,right_ankle,1274.425537109375,808.1531982421875,0.9824348092079163,left_hip,1003.01318359375,593.6263427734375,0.9966955184936523,left_knee,1176.116455078125,603.9249877929688,0.9925079941749573,left_ankle,1197.133544921875,810.633056640625,0.9746302962303162
Not_Fall__Not_Fall_Sleep_nf_raw_b_3_B_M_206,9,C:\Users\ASUS\Downloads\3D_Human_Pose_NCKH\paper_baselines\lin2021_yolov8_lstm_gru\data\raw_yolov8_keypoints\Not_Fall\Not_Fall_Not_Fall_Sleep_nf_raw_b_3_B_M_206.csv,0,Not_Fall,1,15,nose,832.2008056640625,379.9205017089844,0.9745280742645264,neck,836.087890625,452.35809326171875,0.9974901080131531,right_shoulder,798.971435546875,467.21795654296875,0.9978448152542114,right_elbow,878.787353515625,620.8843383789062,0.9870340824127197,right_wrist,1026.7723388671875,635.368896484375,0.966245174407959,left_shoulder,873.204345703125,437.4981994628906,0.9971354007720947,left_elbow,951.8743896484375,531.5401000976562,0.9746784567832947,left_wrist,1051.3663330078125,470.91290283203125,0.9324978590011597,mid_hip,982.314208984375,609.1510009765625,0.9973987936973572,right_hip,962.706787109375,625.573974609375,0.9977171421051025,right_knee,1194.266845703125,607.58349609375,0.9953595995903015,right_ankle,1298.069091796875,807.6417846679688,0.9815311431884766,left_hip,1001.921630859375,592.7279663085938,0.997080385684967,left_knee,1175.6854248046875,601.2354125976562,0.9932899475097656,left_ankle,1198.880126953125,807.4866943359375,0.9757456183433533
Not_Fall__Not_Fall_Sleep_nf_raw_b_3_B_M_206,10,C:\Users\ASUS\Downloads\3D_Human_Pose_NCKH\paper_baselines\lin2021_yolov8_lstm_gru\data\raw_yolov8_keypoints\Not_Fall\Not_Fall_Not_Fall_Sleep_nf_raw_b_3_B_M_206.csv,0,Not_Fall,1,15,nose,827.9072265625,385.6661682128906,0.9687080979347229,neck,827.5996704101562,456.521240234375,0.997340977191925,right_shoulder,793.034912109375,472.7302551269531,0.9978918433189392,right_elbow,878.2989501953125,621.324462890625,0.9881119728088379,right_wrist,1025.746826171875,635.0653076171875,0.9675906896591187,left_shoulder,862.1644287109375,440.31219482421875,0.9967901110649109,left_elbow,947.4146728515625,527.6258544921875,0.972439706325531,left_wrist,1047.13623046875,467.3941955566406,0.926293134689331,mid_hip,976.6975708007812,608.382080078125,0.9975400567054749,right_hip,958.5719604492188,625.5001220703125,0.9979156851768494,right_knee,1188.361572265625,608.9258422851562,0.995477020740509,right_ankle,1304.318359375,801.1754150390625,0.9816790819168091,left_hip,994.8231811523438,591.2640991210938,0.9971644282341003,left_knee,1170.9476318359375,600.2228393554688,0.9930946826934814,left_ankle,1201.9666748046875,802.1961669921875,0.9751929640769958
Not_Fall__Not_Fall_Sleep_nf_raw_b_3_B_M_206,11,C:\Users\ASUS\Downloads\3D_Human_Pose_NCKH\paper_baselines\lin2021_yolov8_lstm_gru\data\raw_yolov8_keypoints\Not_Fall\Not_Fall_Not_Fall_Sleep_nf_raw_b_3_B_M_206.csv,0,Not_Fall,1,15,nose,822.728759765625,390.5642395019531,0.959762454032898,neck,823.5848388671875,460.5733947753906,0.9975084662437439,right_shoulder,789.2609252929688,477.51080322265625,0.9980100989341736,right_elbow,876.0950317382812,622.4449462890625,0.9894914627075195,right_wrist,1023.0792846679688,633.6861572265625,0.9703355431556702,left_shoulder,857.9088134765625,443.635986328125,0.9970068335533142,left_elbow,948.5899658203125,525.203369140625,0.9759771823883057,left_wrist,1044.568115234375,465.171875,0.9324496388435364,mid_hip,974.90869140625,609.933349609375,0.9980530738830566,right_hip,957.468017578125,626.9920654296875,0.9983437061309814,right_knee,1188.8118896484375,605.7171020507812,0.9960291385650635,right_ankle,1309.098388671875,790.4835205078125,0.9835925102233887,left_hip,992.3494262695312,592.8746337890625,0.9977624416351318,left_knee,1167.4405517578125,599.4254150390625,0.9939848780632019,left_ankle,1193.289794921875,798.638427734375,0.9777265191078186
Not_Fall__Not_Fall_Sleep_nf_raw_b_3_B_M_206,12,C:\Users\ASUS\Downloads\3D_Human_Pose_NCKH\paper_baselines\lin2021_yolov8_lstm_gru\data\raw_yolov8_keypoints\Not_Fall\Not_Fall_Not_Fall_Sleep_nf_raw_b_3_B_M_206.csv,0,Not_Fall,1,15,nose,816.4033813476562,406.1990661621094,0.9526234865188599,neck,818.9823608398438,466.63482666015625,0.9972748160362244,right_shoulder,787.6254272460938,485.0294189453125,0.9977218508720398,right_elbow,878.8759765625,626.2634887695312,0.9883536100387573,right_wrist,1027.6697998046875,632.3726806640625,0.9677404165267944,left_shoulder,850.33935546875,448.2402648925781,0.9968277812004089,left_elbow,943.0770263671875,522.8175048828125,0.9761657118797302,left_wrist,1042.0272216796875,465.9605712890625,0.9324854016304016,mid_hip,975.2608032226562,610.2018432617188,0.997926652431488,right_hip,959.8756103515625,627.6012573242188,0.9981902241706848,right_knee,1189.88427734375,606.7024536132812,0.9953998923301697,right_ankle,1315.9498291015625,779.673095703125,0.9812807440757751,left_hip,990.64599609375,592.8024291992188,0.997663140296936,left_knee,1165.951904296875,603.9390869140625,0.9933547973632812,left_ankle,1195.5904541015625,795.8707275390625,0.9751515984535217
Not_Fall__Not_Fall_Sleep_nf_raw_b_3_B_M_206,13,C:\Users\ASUS\Downloads\3D_Human_Pose_NCKH\paper_baselines\lin2021_yolov8_lstm_gru\data\raw_yolov8_keypoints\Not_Fall\Not_Fall_Not_Fall_Sleep_nf_raw_b_3_B_M_206.csv,0,Not_Fall,1,15,nose,812.83984375,409.71783447265625,0.965865969657898,neck,812.7889404296875,471.9315490722656,0.997300922870636,right_shoulder,779.1932373046875,490.24969482421875,0.9980613589286804,right_elbow,880.0067138671875,626.8251342773438,0.9893330335617065,right_wrist,1034.3013916015625,630.1680297851562,0.969575822353363,left_shoulder,846.3847045898438,453.6134033203125,0.9965404868125916,left_elbow,942.8004150390625,523.2977294921875,0.9684792757034302,left_wrist,1039.158447265625,462.8851318359375,0.9159312844276428,mid_hip,978.8341674804688,607.6094970703125,0.9974278807640076,right_hip,961.6390380859375,624.9066162109375,0.9979382157325745,right_knee,1191.6187744140625,603.2682495117188,0.994907557964325,right_ankle,1318.13818359375,773.8617553710938,0.9790483713150024,left_hip,996.029296875,590.3124389648438,0.9969176054000854,left_knee,1167.2874755859375,604.9407958984375,0.9915525317192078,left_ankle,1198.832763671875,793.6906127929688,0.9697349667549133
Not_Fall__Not_Fall_Sleep_nf_raw_b_3_B_M_206,14,C:\Users\ASUS\Downloads\3D_Human_Pose_NCKH\paper_baselines\lin2021_yolov8_lstm_gru\data\raw_yolov8_keypoints\Not_Fall\Not_Fall_Not_Fall_Sleep_nf_raw_b_3_B_M_206.csv,0,Not_Fall,1,15,nose,811.8246459960938,412.0315246582031,0.9689906239509583,neck,807.5158081054688,476.5253601074219,0.9971989989280701,right_shoulder,777.9380493164062,495.8108825683594,0.9980803728103638,right_elbow,884.206787109375,623.7450561523438,0.9892538785934448,right_wrist,1037.680908203125,626.4362182617188,0.9694063067436218,left_shoulder,837.0936279296875,457.2398681640625,0.9963176250457764,left_elbow,932.7808837890625,525.2219848632812,0.9642956256866455,left_wrist,1030.51220703125,461.4522705078125,0.907820463180542,mid_hip,978.36279296875,607.4411010742188,0.9970664978027344,right_hip,963.5067138671875,625.7581787109375,0.9977174997329712,right_knee,1195.8028564453125,603.71826171875,0.9945912957191467,right_ankle,1319.8641357421875,769.8348388671875,0.978198766708374,left_hip,993.2188720703125,589.1239624023438,0.9964154958724976,left_knee,1165.177490234375,597.0250854492188,0.9906110167503357,left_ankle,1201.8265380859375,784.3650512695312,0.9679506421089172
Not_Fall__Not_Fall_Sleep_nf_raw_b_3_B_M_206,15,C:\Users\ASUS\Downloads\3D_Human_Pose_NCKH\paper_baselines\lin2021_yolov8_lstm_gru\data\raw_yolov8_keypoints\Not_Fall\Not_Fall_Not_Fall_Sleep_nf_raw_b_3_B_M_206.csv,0,Not_Fall,1,15,nose,804.121826171875,419.1815185546875,0.9636630415916443,neck,804.2948608398438,480.2845153808594,0.9968354105949402,right_shoulder,773.76123046875,498.7325439453125,0.997789740562439,right_elbow,883.9981689453125,621.011962890625,0.9886715412139893,right_wrist,1042.239013671875,622.7777709960938,0.9686919450759888,left_shoulder,834.8284912109375,461.83648681640625,0.9958810806274414,left_elbow,935.8423461914062,524.015625,0.9634005427360535,left_wrist,1028.1519775390625,457.7030029296875,0.9073126316070557,mid_hip,975.5733032226562,604.0244750976562,0.9969854354858398,right_hip,959.3409423828125,621.831298828125,0.9976341724395752,right_knee,1193.251708984375,600.7021484375,0.9944308400154114,right_ankle,1318.58056640625,765.386474609375,0.9780586957931519,left_hip,991.8056640625,586.2177124023438,0.9963366985321045,left_knee,1169.822021484375,596.931640625,0.9904196858406067,left_ankle,1210.235107421875,784.742919921875,0.9678002595901489
Not_Fall__Not_Fall_Sleep_nf_raw_b_3_B_M_206,16,C:\Users\ASUS\Downloads\3D_Human_Pose_NCKH\paper_baselines\lin2021_yolov8_lstm_gru\data\raw_yolov8_keypoints\Not_Fall\Not_Fall_Not_Fall_Sleep_nf_raw_b_3_B_M_206.csv,0,Not_Fall,1,15,nose,796.340087890625,422.4055480957031,0.9633579850196838,neck,798.5429077148438,485.3017578125,0.9963463544845581,right_shoulder,771.3331298828125,505.32403564453125,0.9972503781318665,right_elbow,898.233642578125,619.8662719726562,0.9861971735954285,right_wrist,1050.1243896484375,615.561767578125,0.9642006158828735,left_shoulder,825.7527465820312,465.27947998046875,0.995442271232605,left_elbow,934.7301635742188,524.7352294921875,0.9609960913658142,left_wrist,1023.6212768554688,453.43817138671875,0.904554009437561,mid_hip,977.1112670898438,600.6659545898438,0.9964582920074463,right_hip,962.42041015625,619.8997192382812,0.9971473813056946,right_knee,1192.8175048828125,604.6975708007812,0.9940763711929321,right_ankle,1316.513916015625,770.2619018554688,0.9780559539794922,left_hip,991.8021240234375,581.4322509765625,0.9957691431045532,left_knee,1169.50732421875,587.7890625,0.9901914596557617,left_ankle,1217.319091796875,773.0087890625,0.9689776301383972
Not_Fall__Not_Fall_Sleep_nf_raw_b_3_B_M_206,17,C:\Users\ASUS\Downloads\3D_Human_Pose_NCKH\paper_baselines\lin2021_yolov8_lstm_gru\data\raw_yolov8_keypoints\Not_Fall\Not_Fall_Not_Fall_Sleep_nf_raw_b_3_B_M_206.csv,0,Not_Fall,1,15,nose,791.4852905273438,426.6341857910156,0.9605922102928162,neck,794.7486572265625,492.7129211425781,0.9953441023826599,right_shoulder,774.1380615234375,515.0106201171875,0.9969030022621155,right_elbow,909.9255981445312,618.3875122070312,0.9862313866615295,right_wrist,1051.17578125,610.1947631835938,0.9660865664482117,left_shoulder,815.3593139648438,470.4152526855469,0.9937852621078491,left_elbow,933.2429809570312,525.6206665039062,0.9488478302955627,left_wrist,1020.89306640625,454.1258239746094,0.890051007270813,mid_hip,980.1452026367188,598.8560791015625,0.9957036972045898,right_hip,969.4892578125,620.08740234375,0.9967741370201111,right_knee,1193.5653076171875,611.121337890625,0.9940021634101868,right_ankle,1306.3282470703125,771.0504150390625,0.979004979133606,left_hip,990.8011474609375,577.624755859375,0.9946331977844238,left_knee,1169.5087890625,575.623291015625,0.9888577461242676,left_ankle,1228.865966796875,749.490966796875,0.9688403010368347
Not_Fall__Not_Fall_Sleep_nf_raw_b_3_B_M_206,18,C:\Users\ASUS\Downloads\3D_Human_Pose_NCKH\paper_baselines\lin2021_yolov8_lstm_gru\data\raw_yolov8_keypoints\Not_Fall\Not_Fall_Not_Fall_Sleep_nf_raw_b_3_B_M_206.csv,0,Not_Fall,1,15,nose,785.8623046875,425.29742431640625,0.967010498046875,neck,797.4286499023438,497.67303466796875,0.9961078763008118,right_shoulder,779.4765625,522.1826171875,0.9974706172943115,right_elbow,923.0787353515625,610.9618530273438,0.9875384569168091,right_wrist,1049.9178466796875,603.6671142578125,0.9679754376411438,left_shoulder,815.3807373046875,473.1634826660156,0.994745135307312,left_elbow,931.2996826171875,522.8925170898438,0.9532870054244995,left_wrist,1011.9281616210938,454.9823913574219,0.9000557661056519,mid_hip,985.5722045898438,590.1412963867188,0.9964486360549927,right_hip,976.4952392578125,610.9970092773438,0.9973461627960205,right_knee,1183.958740234375,602.3214111328125,0.9953601956367493,right_ankle,1298.214111328125,755.101318359375,0.982082724571228,left_hip,994.649169921875,569.28564453125,0.9955511093139648,left_knee,1163.541015625,573.6502075195312,0.9914400577545166,left_ankle,1230.890625,743.5449829101562,0.9730533361434937
Not_Fall__Not_Fall_Sleep_nf_raw_b_3_B_M_206,19,C:\Users\ASUS\Downloads\3D_Human_Pose_NCKH\paper_baselines\lin2021_yolov8_lstm_gru\data\raw_yolov8_keypoints\Not_Fall\Not_Fall_Not_Fall_Sleep_nf_raw_b_3_B_M_206.csv,0,Not_Fall,1,15,nose,783.6542358398438,431.68499755859375,0.9676785469055176,neck,794.4898681640625,500.7301330566406,0.99529629945755,right_shoulder,776.6004638671875,526.1256713867188,0.9968427419662476,right_elbow,922.1859130859375,613.721923828125,0.9846792817115784,right_wrist,1050.130126953125,598.6301879882812,0.9634116291999817,left_shoulder,812.3792724609375,475.3345642089844,0.9937498569488525,left_elbow,932.4276123046875,522.6047973632812,0.9477935433387756,left_wrist,1011.4476318359375,455.3352355957031,0.8940700888633728,mid_hip,985.5822143554688,586.6736450195312,0.99567049741745,right_hip,975.6954345703125,608.211181640625,0.9966926574707031,right_knee,1174.569091796875,600.3994750976562,0.9948621392250061,right_ankle,1292.341552734375,759.573486328125,0.9813547730445862,left_hip,995.468994140625,565.1361083984375,0.994648277759552,left_knee,1165.7401123046875,568.8890991210938,0.9908877611160278,left_ankle,1248.8773193359375,745.2904052734375,0.9727311730384827
Not_Fall__Not_Fall_Sleep_nf_raw_b_3_B_M_206,20,C:\Users\ASUS\Downloads\3D_Human_Pose_NCKH\paper_baselines\lin2021_yolov8_lstm_gru\data\raw_yolov8_keypoints\Not_Fall\Not_Fall_Not_Fall_Sleep_nf_raw_b_3_B_M_206.csv,0,Not_Fall,1,15,nose,782.09130859375,434.8012390136719,0.9203636050224304,neck,787.5716552734375,501.6398010253906,0.9852633476257324,right_shoulder,772.940673828125,528.9329223632812,0.9922566413879395,right_elbow,922.1591796875,611.0521850585938,0.9693324565887451,right_wrist,1040.1881103515625,600.7696533203125,0.9387733340263367,left_shoulder,802.20263671875,474.3466796875,0.9782700538635254,left_elbow,924.88525390625,526.5048828125,0.8643122911453247,left_wrist,1008.17236328125,463.5401916503906,0.8120815753936768,mid_hip,978.3232421875,583.9598388671875,0.9870536923408508,right_hip,971.0220336914062,606.974365234375,0.9907099008560181,right_knee,1164.74951171875,585.517578125,0.9875895380973816,right_ankle,1289.245849609375,730.8345336914062,0.9525700211524963,left_hip,985.62451171875,560.9452514648438,0.9833975434303284,left_knee,1158.2216796875,549.8204345703125,0.9760812520980835,left_ankle,1261.399169921875,706.8226318359375,0.925518810749054
Not_Fall__Not_Fall_Sleep_nf_raw_b_3_B_M_206,21,C:\Users\ASUS\Downloads\3D_Human_Pose_NCKH\paper_baselines\lin2021_yolov8_lstm_gru\data\raw_yolov8_keypoints\Not_Fall\Not_Fall_Not_Fall_Sleep_nf_raw_b_3_B_M_206.csv,0,Not_Fall,1,15,nose,781.4976196289062,433.70159912109375,0.9611027836799622,neck,786.4398803710938,509.1062927246094,0.9932413697242737,right_shoulder,776.0621337890625,531.631591796875,0.9959717392921448,right_elbow,931.47802734375,605.55126953125,0.9809737801551819,right_wrist,1046.843505859375,594.4276123046875,0.955485999584198,left_shoulder,796.817626953125,486.58099365234375,0.9905110001564026,left_elbow,917.4700927734375,530.8885498046875,0.9141416549682617,left_wrist,1000.8834228515625,462.8564453125,0.8415524363517761,mid_hip,975.3851928710938,580.8536987304688,0.9925851821899414,right_hip,970.7081909179688,601.2827758789062,0.9947176575660706,right_knee,1180.308349609375,590.346923828125,0.9927212595939636,right_ankle,1289.8472900390625,747.0558471679688,0.9758670926094055,left_hip,980.0621337890625,560.424560546875,0.9904526472091675,left_knee,1160.2015380859375,557.0841064453125,0.9854413866996765,left_ankle,1228.0281982421875,726.4842529296875,0.9625228643417358
Not_Fall__Not_Fall_Sleep_nf_raw_b_3_B_M_206,22,C:\Users\ASUS\Downloads\3D_Human_Pose_NCKH\paper_baselines\lin2021_yolov8_lstm_gru\data\raw_yolov8_keypoints\Not_Fall\Not_Fall_Not_Fall_Sleep_nf_raw_b_3_B_M_206.csv,0,Not_Fall,1,15,nose,775.0728759765625,439.8322448730469,0.9537723660469055,neck,781.2244873046875,509.4508056640625,0.9901185035705566,right_shoulder,777.8138427734375,530.1412963867188,0.9942753911018372,right_elbow,946.287841796875,598.2918090820312,0.9763925075531006,right_wrist,1057.8212890625,596.7130126953125,0.9487617611885071,left_shoulder,784.6351318359375,488.76031494140625,0.9859615564346313,left_elbow,908.1934204101562,533.5568237304688,0.8877166509628296,left_wrist,991.2525634765625,473.8048095703125,0.8144146203994751,mid_hip,977.1282348632812,574.9218139648438,0.9897973537445068,right_hip,975.3638305664062,594.8487548828125,0.9928485155105591,right_knee,1179.9517822265625,592.2845458984375,0.9911070466041565,right_ankle,1286.4310302734375,749.2247314453125,0.9722813367843628,left_hip,978.8927001953125,554.9949340820312,0.9867462515830994,left_knee,1166.3280029296875,559.6304321289062,0.9817504286766052,left_ankle,1255.031494140625,724.8878173828125,0.9564803242683411
Not_Fall__Not_Fall_Sleep_nf_raw_b_3_B_M_206,23,C:\Users\ASUS\Downloads\3D_Human_Pose_NCKH\paper_baselines\lin2021_yolov8_lstm_gru\data\raw_yolov8_keypoints\Not_Fall\Not_Fall_Not_Fall_Sleep_nf_raw_b_3_B_M_206.csv,0,Not_Fall,1,15,nose,770.208251953125,442.74261474609375,0.9558037519454956,neck,780.1211547851562,516.6080322265625,0.9894670844078064,right_shoulder,775.1795654296875,539.8987426757812,0.9936436414718628,right_elbow,947.2833251953125,607.82275390625,0.9726038575172424,right_wrist,1063.2864990234375,599.5648193359375,0.9421671628952026,left_shoulder,785.0626831054688,493.31732177734375,0.98529052734375,left_elbow,904.3193359375,538.1171264648438,0.8792433738708496,left_wrist,984.107666015625,481.6097717285156,0.8030637502670288,mid_hip,977.780029296875,574.6558227539062,0.9882387518882751,right_hip,974.6165771484375,595.55859375,0.991619348526001,right_knee,1178.6953125,590.7343139648438,0.9903826117515564,right_ankle,1281.9822998046875,746.822021484375,0.9716416597366333,left_hip,980.9434204101562,553.7531127929688,0.9848581552505493,left_knee,1164.8551025390625,555.7088623046875,0.9807414412498474,left_ankle,1253.342529296875,724.5095825195312,0.9559730291366577
Not_Fall__Not_Fall_Sleep_nf_raw_b_3_B_M_206,24,C:\Users\ASUS\Downloads\3D_Human_Pose_NCKH\paper_baselines\lin2021_yolov8_lstm_gru\data\raw_yolov8_keypoints\Not_Fall\Not_Fall_Not_Fall_Sleep_nf_raw_b_3_B_M_206.csv,0,Not_Fall,1,15,nose,764.0159912109375,452.5093994140625,0.944564163684845,neck,772.9263916015625,521.2987060546875,0.9865390658378601,right_shoulder,772.19287109375,543.7262573242188,0.993607759475708,right_elbow,954.4268798828125,605.1826782226562,0.9755584001541138,right_wrist,1079.8524169921875,600.4434814453125,0.9457748532295227,left_shoulder,773.659912109375,498.87115478515625,0.979470431804657,left_elbow,895.3441772460938,538.8504638671875,0.8333358764648438,left_wrist,981.3419189453125,484.5850524902344,0.7519090175628662,mid_hip,974.6854248046875,574.68994140625,0.9868243932723999,right_hip,974.297607421875,595.4683227539062,0.9916520714759827,right_knee,1181.14111328125,589.8970947265625,0.9910694360733032,right_ankle,1286.6259765625,751.8195190429688,0.9735446572303772,left_hip,975.0732421875,553.91162109375,0.9819966554641724,left_knee,1160.3251953125,555.4868774414062,0.9787012338638306,left_ankle,1252.573486328125,723.872314453125,0.9544915556907654
Not_Fall__Not_Fall_Sleep_nf_raw_b_3_B_M_206,25,C:\Users\ASUS\Downloads\3D_Human_Pose_NCKH\paper_baselines\lin2021_yolov8_lstm_gru\data\raw_yolov8_keypoints\Not_Fall\Not_Fall_Not_Fall_Sleep_nf_raw_b_3_B_M_206.csv,0,Not_Fall,1,15,nose,767.3347778320312,455.5893859863281,0.9613723158836365,neck,765.3292846679688,527.01953125,0.9929914474487305,right_shoulder,764.854248046875,552.7318725585938,0.9967666864395142,right_elbow,945.8624267578125,618.4403076171875,0.9859954714775085,right_wrist,1087.258544921875,608.946044921875,0.9636093974113464,left_shoulder,765.8043212890625,501.30712890625,0.9892162084579468,left_elbow,883.5477905273438,540.7445068359375,0.9130070209503174,left_wrist,969.8622436523438,496.04278564453125,0.8517026305198669,mid_hip,963.6577758789062,591.3930053710938,0.992448627948761,right_hip,964.445068359375,615.244140625,0.9949336647987366,right_knee,1179.241455078125,591.8218994140625,0.9920458793640137,right_ankle,1270.5701904296875,754.0665893554688,0.9731786251068115,left_hip,962.8704833984375,567.5418701171875,0.9899635910987854,left_knee,1144.6318359375,549.0177001953125,0.9827202558517456,left_ankle,1239.2822265625,729.77587890625,0.9549734592437744
Not_Fall__Not_Fall_Sleep_nf_raw_b_3_B_M_206,26,C:\Users\ASUS\Downloads\3D_Human_Pose_NCKH\paper_baselines\lin2021_yolov8_lstm_gru\data\raw_yolov8_keypoints\Not_Fall\Not_Fall_Not_Fall_Sleep_nf_raw_b_3_B_M_206.csv,0,Not_Fall,1,15,nose,762.0438232421875,458.82568359375,0.9500735402107239,neck,763.60693359375,528.666748046875,0.9887326955795288,right_shoulder,762.7977905273438,553.4096069335938,0.9944221377372742,right_elbow,939.3096923828125,620.0023193359375,0.9781590700149536,right_wrist,1079.1834716796875,616.9252319335938,0.9525235295295715,left_shoulder,764.4160766601562,503.9239196777344,0.9830432534217834,left_elbow,881.2340698242188,543.8612060546875,0.8600499629974365,left_wrist,971.2758178710938,497.9031982421875,0.7883757948875427,mid_hip,964.7296142578125,584.337646484375,0.9889394640922546,right_hip,964.1903686523438,606.7326049804688,0.9927775859832764,right_knee,1186.9283447265625,593.0169677734375,0.9921343326568604,right_ankle,1285.7152099609375,755.6215209960938,0.9758208990097046,left_hip,965.2688598632812,561.9426879882812,0.9851013422012329,left_knee,1166.1361083984375,557.906982421875,0.9819396138191223,left_ankle,1257.7017822265625,729.583251953125,0.9592560529708862
Not_Fall__Not_Fall_Sleep_nf_raw_b_3_B_M_206,27,C:\Users\ASUS\Downloads\3D_Human_Pose_NCKH\paper_baselines\lin2021_yolov8_lstm_gru\data\raw_yolov8_keypoints\Not_Fall\Not_Fall_Not_Fall_Sleep_nf_raw_b_3_B_M_206.csv,0,Not_Fall,1,15,nose,759.5765380859375,461.88519287109375,0.94992595911026,neck,768.6432495117188,533.2864379882812,0.9885470867156982,right_shoulder,765.3729248046875,557.3775634765625,0.9942408800125122,right_elbow,936.214111328125,620.36474609375,0.9769673347473145,right_wrist,1076.563720703125,618.8790283203125,0.9493322968482971,left_shoulder,771.91357421875,509.1953125,0.9828532338142395,left_elbow,885.3665771484375,546.7191162109375,0.8587220311164856,left_wrist,972.3438720703125,493.6949462890625,0.7828937768936157,mid_hip,968.1055297851562,587.4632568359375,0.9887044429779053,right_hip,965.733154296875,609.5521850585938,0.9925777316093445,right_knee,1186.754638671875,595.2694091796875,0.9920112490653992,right_ankle,1290.877197265625,760.4664916992188,0.9758102893829346,left_hip,970.4779052734375,565.374267578125,0.9848312139511108,left_knee,1169.826416015625,558.4095458984375,0.9817750453948975,left_ankle,1263.3631591796875,733.327392578125,0.959242582321167
Not_Fall__Not_Fall_Sleep_nf_raw_b_3_B_M_206,28,C:\Users\ASUS\Downloads\3D_Human_Pose_NCKH\paper_baselines\lin2021_yolov8_lstm_gru\data\raw_yolov8_keypoints\Not_Fall\Not_Fall_Not_Fall_Sleep_nf_raw_b_3_B_M_206.csv,0,Not_Fall,1,15,nose,762.5198974609375,468.187255859375,0.9463414549827576,neck,757.920166015625,544.6920776367188,0.9909871816635132,right_shoulder,763.0203247070312,568.6734619140625,0.9961143732070923,right_elbow,940.6929931640625,630.4913330078125,0.9860113859176636,right_wrist,1079.85400390625,624.5806884765625,0.9644977450370789,left_shoulder,752.8200073242188,520.710693359375,0.9858599305152893,left_elbow,871.08203125,547.591796875,0.8991549015045166,left_wrist,966.534423828125,500.0711975097656,0.831003725528717,mid_hip,959.1458740234375,602.1599731445312,0.9915897846221924,right_hip,962.1806030273438,626.22119140625,0.9945650100708008,right_knee,1187.5029296875,596.9324951171875,0.9908616542816162,right_ankle,1274.943115234375,758.821533203125,0.9734383821487427,left_hip,956.1112060546875,578.0987548828125,0.988614559173584,left_knee,1164.9765625,549.6322021484375,0.9785338640213013,left_ankle,1260.921630859375,725.7425537109375,0.9536683559417725
Not_Fall__Not_Fall_Sleep_nf_raw_b_3_B_M_206,29,C:\Users\ASUS\Downloads\3D_Human_Pose_NCKH\paper_baselines\lin2021_yolov8_lstm_gru\data\raw_yolov8_keypoints\Not_Fall\Not_Fall_Not_Fall_Sleep_nf_raw_b_3_B_M_206.csv,0,Not_Fall,1,15,nose,765.5416259765625,481.2015380859375,0.948723316192627,neck,755.8641357421875,548.5972290039062,0.9891403913497925,right_shoulder,757.8163452148438,573.1103515625,0.9956823587417603,right_elbow,936.3217163085938,631.8012084960938,0.9846379160881042,right_wrist,1085.4503173828125,625.8202514648438,0.9611707329750061,left_shoulder,753.911865234375,524.0841064453125,0.9825984239578247,left_elbow,871.1905517578125,551.7603149414062,0.8727642893791199,left_wrist,970.5942993164062,500.41754150390625,0.7980639934539795,mid_hip,948.9358520507812,604.1588134765625,0.9889615178108215,right_hip,949.54345703125,628.6931762695312,0.9931029081344604,right_knee,1185.714599609375,601.0322265625,0.9889653921127319,right_ankle,1278.47021484375,760.6294555664062,0.9682207107543945,left_hip,948.3283081054688,579.6243896484375,0.9848201274871826,left_knee,1164.28076171875,551.596923828125,0.9727970361709595,left_ankle,1264.350341796875,733.918212890625,0.9433631896972656
