video_id,frame_idx,source_file,label,label_name,joint_0_name,joint_0_x,joint_0_y,joint_1_name,joint_1_x,joint_1_y,joint_2_name,joint_2_x,joint_2_y,joint_3_name,joint_3_x,joint_3_y,joint_4_name,joint_4_x,joint_4_y,joint_5_name,joint_5_x,joint_5_y,joint_6_name,joint_6_x,joint_6_y,joint_7_name,joint_7_x,joint_7_y,joint_8_name,joint_8_x,joint_8_y,joint_9_name,joint_9_x,joint_9_y,joint_10_name,joint_10_x,joint_10_y,joint_11_name,joint_11_x,joint_11_y,joint_12_name,joint_12_x,joint_12_y,joint_13_name,joint_13_x,joint_13_y,joint_14_name,joint_14_x,joint_14_y,num_missing_joints_before_interpolation,all_joints_missing_before_interpolation,num_zero_joints_after_interpolation
Fall__Fall_f_raw_c_3_C_D_0150_resized,0,C:\Users\ASUS\Downloads\3D_Human_Pose_NCKH\paper_baselines\lin2021_yolov8_lstm_gru\data\paper_skeleton_csv\Fall\Fall_Fall_f_raw_c_3_C_D_0150_resized.csv,1,Fall,nose,-0.29455125,-1.1999348,neck,-0.05613399,-0.9984233,right_shoulder,-0.38965276,-0.99317396,right_elbow,-0.5680661,-0.5252019,right_wrist,-0.7509769,-0.9444126,left_shoulder,0.27738458,-1.0036727,left_elbow,0.19512436,-0.37672123,left_wrist,-0.35569772,-0.37171856,mid_hip,0.0,0.0,right_hip,-0.22229621,-0.0035793467,right_knee,-0.15242282,0.63716257,right_ankle,0.08195145,1.1518222,left_hip,0.22229621,0.0035794466,left_knee,0.2661847,0.65198976,left_ankle,0.23239432,1.1061949,0,0,0
Fall__Fall_f_raw_c_3_C_D_0150_resized,1,C:\Users\ASUS\Downloads\3D_Human_Pose_NCKH\paper_baselines\lin2021_yolov8_lstm_gru\data\paper_skeleton_csv\Fall\Fall_Fall_f_raw_c_3_C_D_0150_resized.csv,1,Fall,nose,0.3737789,-0.78634864,neck,-0.016836116,-0.99985826,right_shoulder,-0.7200599,-0.9270526,right_elbow,-0.80387634,-0.0519111,right_wrist,0.14366327,0.39876178,left_shoulder,0.68638796,-1.0726639,left_elbow,0.74474406,-0.24835145,left_wrist,0.63520503,0.3459457,mid_hip,0.0,0.0,right_hip,-0.52262795,0.08299302,right_knee,-0.12020354,0.7867405,right_ankle,-0.37254804,1.0005409,left_hip,0.52262765,-0.08299333,left_knee,1.8231559,0.50763965,left_ankle,1.2399908,1.141923,0,0,0
Fall__Fall_f_raw_c_3_C_D_0150_resized,2,C:\Users\ASUS\Downloads\3D_Human_Pose_NCKH\paper_baselines\lin2021_yolov8_lstm_gru\data\paper_skeleton_csv\Fall\Fall_Fall_f_raw_c_3_C_D_0150_resized.csv,1,Fall,nose,0.38195103,-0.76283956,neck,-0.012713699,-0.9999192,right_shoulder,-0.721305,-0.9284226,right_elbow,-0.80879086,-0.045945365,right_wrist,0.16622262,0.4226508,left_shoulder,0.6958773,-1.0714157,left_elbow,0.7409966,-0.2361674,left_wrist,0.64283526,0.36647844,mid_hip,0.0,0.0,right_hip,-0.52673644,0.08389082,right_knee,-0.11044033,0.8098475,right_ankle,-0.41271958,1.00937,left_hip,0.52673626,-0.08389082,left_knee,1.8500925,0.52028066,left_ankle,1.2306756,1.137849,0,0,0
Fall__Fall_f_raw_c_3_C_D_0150_resized,3,C:\Users\ASUS\Downloads\3D_Human_Pose_NCKH\paper_baselines\lin2021_yolov8_lstm_gru\data\paper_skeleton_csv\Fall\Fall_Fall_f_raw_c_3_C_D_0150_resized.csv,1,Fall,nose,0.37446553,-0.7853892,neck,-0.0017428299,-0.99999845,right_shoulder,-0.7064696,-0.9363783,right_elbow,-0.8099777,-0.053936563,right_wrist,0.1597643,0.41065595,left_shoulder,0.7029839,-1.0636185,left_elbow,0.7382762,-0.24051176,left_wrist,0.63018984,0.34921333,mid_hip,0.0,0.0,right_hip,-0.5239861,0.078935176,right_knee,-0.11915028,0.79161096,right_ankle,-0.41492507,1.0011103,left_hip,0.5239864,-0.07893548,left_knee,1.8321555,0.5279178,left_ankle,1.2256491,1.1154418,0,0,0
Fall__Fall_f_raw_c_3_C_D_0150_resized,4,C:\Users\ASUS\Downloads\3D_Human_Pose_NCKH\paper_baselines\lin2021_yolov8_lstm_gru\data\paper_skeleton_csv\Fall\Fall_Fall_f_raw_c_3_C_D_0150_resized.csv,1,Fall,nose,0.34378287,-0.7850196,neck,-0.011927118,-0.99992895,right_shoulder,-0.71082085,-0.9396812,right_elbow,-0.8022028,-0.05860363,right_wrist,0.15600465,0.39798313,left_shoulder,0.6869666,-1.0601767,left_elbow,0.72795224,-0.24568048,left_wrist,0.61274266,0.33480525,mid_hip,0.0,0.0,right_hip,-0.5200792,0.0767464,right_knee,-0.11742623,0.7528759,right_ankle,-0.39507025,0.9867303,left_hip,0.5200792,-0.0767464,left_knee,1.8211355,0.5035434,left_ankle,1.2243236,1.0891699,0,0,0
Fall__Fall_f_raw_c_3_C_D_0150_resized,5,C:\Users\ASUS\Downloads\3D_Human_Pose_NCKH\paper_baselines\lin2021_yolov8_lstm_gru\data\paper_skeleton_csv\Fall\Fall_Fall_f_raw_c_3_C_D_0150_resized.csv,1,Fall,nose,0.4697203,-0.6972743,neck,0.10475847,-0.9944977,right_shoulder,-0.49689156,-0.94277185,right_elbow,-0.54470104,-0.09522955,right_wrist,0.34725803,0.35895628,left_shoulder,0.70640874,-1.0462235,left_elbow,0.73874635,-0.2410631,left_wrist,0.74607205,0.30826718,mid_hip,0.0,0.0,right_hip,-0.44692227,0.06073983,right_knee,-0.0029599448,0.6599085,right_ankle,-0.4008734,0.82548165,left_hip,0.44692212,-0.06073983,left_knee,1.7058496,0.38020495,left_ankle,1.1195289,0.9789372,0,0,0
Fall__Fall_f_raw_c_3_C_D_0150_resized,6,C:\Users\ASUS\Downloads\3D_Human_Pose_NCKH\paper_baselines\lin2021_yolov8_lstm_gru\data\paper_skeleton_csv\Fall\Fall_Fall_f_raw_c_3_C_D_0150_resized.csv,1,Fall,nose,0.37929758,-0.79080534,neck,0.0114996135,-0.9999339,right_shoulder,-0.6922576,-0.9443303,right_elbow,-0.79300374,-0.05831324,right_wrist,0.17253038,0.40334937,left_shoulder,0.7152568,-1.0555373,left_elbow,0.72445744,-0.24263197,left_wrist,0.61976796,0.33384532,mid_hip,0.0,0.0,right_hip,-0.52436763,0.07522331,right_knee,-0.12033152,0.7360172,right_ankle,-0.38790187,0.99696046,left_hip,0.5243675,-0.07522301,left_knee,1.8433113,0.4869794,left_ankle,1.2324739,1.0890805,0,0,0
Fall__Fall_f_raw_c_3_C_D_0150_resized,7,C:\Users\ASUS\Downloads\3D_Human_Pose_NCKH\paper_baselines\lin2021_yolov8_lstm_gru\data\paper_skeleton_csv\Fall\Fall_Fall_f_raw_c_3_C_D_0150_resized.csv,1,Fall,nose,0.3460142,-0.7762576,neck,0.01255719,-0.9999212,right_shoulder,-0.694324,-0.94888407,right_elbow,-0.7923209,-0.06317814,right_wrist,0.16623314,0.40240178,left_shoulder,0.71943855,-1.0509582,left_elbow,0.7171666,-0.24578322,left_wrist,0.6080858,0.32061744,mid_hip,0.0,0.0,right_hip,-0.5255311,0.0716753,right_knee,-0.12727158,0.72058314,right_ankle,-0.37525588,0.99194866,left_hip,0.525531,-0.0716753,left_knee,1.8260059,0.49052173,left_ankle,1.2236143,1.07243,0,0,0
Fall__Fall_f_raw_c_3_C_D_0150_resized,8,C:\Users\ASUS\Downloads\3D_Human_Pose_NCKH\paper_baselines\lin2021_yolov8_lstm_gru\data\paper_skeleton_csv\Fall\Fall_Fall_f_raw_c_3_C_D_0150_resized.csv,1,Fall,nose,0.3307989,-0.7559954,neck,0.025514664,-0.99967444,right_shoulder,-0.67299336,-0.9462697,right_elbow,-0.77915895,-0.066356316,right_wrist,0.176824,0.39106193,left_shoulder,0.7240225,-1.053079,left_elbow,0.73010796,-0.2476342,left_wrist,0.6314619,0.32999748,mid_hip,0.0,0.0,right_hip,-0.5197592,0.07179558,right_knee,-0.1003368,0.72206235,right_ankle,-0.3843491,0.98370373,left_hip,0.519759,-0.07179558,left_knee,1.8258601,0.49214154,left_ankle,1.234871,1.0695158,0,0,0
Fall__Fall_f_raw_c_3_C_D_0150_resized,9,C:\Users\ASUS\Downloads\3D_Human_Pose_NCKH\paper_baselines\lin2021_yolov8_lstm_gru\data\paper_skeleton_csv\Fall\Fall_Fall_f_raw_c_3_C_D_0150_resized.csv,1,Fall,nose,0.3485294,-0.7514436,neck,0.027316004,-0.9996269,right_shoulder,-0.66923094,-0.94722515,right_elbow,-0.7784308,-0.062184174,right_wrist,0.18979363,0.4010855,left_shoulder,0.72386295,-1.0520285,left_elbow,0.7285138,-0.24904458,left_wrist,0.6233743,0.3243638,mid_hip,0.0,0.0,right_hip,-0.5180131,0.07167079,right_knee,-0.12102691,0.72339135,right_ankle,-0.37948182,0.975939,left_hip,0.5180134,-0.07167079,left_knee,1.8098617,0.49309984,left_ankle,1.2222456,1.0632268,0,0,0
Fall__Fall_f_raw_c_3_C_D_0150_resized,10,C:\Users\ASUS\Downloads\3D_Human_Pose_NCKH\paper_baselines\lin2021_yolov8_lstm_gru\data\paper_skeleton_csv\Fall\Fall_Fall_f_raw_c_3_C_D_0150_resized.csv,1,Fall,nose,0.36595422,-0.7596719,neck,0.03669056,-0.9993267,right_shoulder,-0.65026546,-0.9493749,right_elbow,-0.76159054,-0.07020377,right_wrist,0.19362837,0.3845573,left_shoulder,0.7236469,-1.0492786,left_elbow,0.71378803,-0.2540953,left_wrist,0.6254585,0.31513065,mid_hip,0.0,0.0,right_hip,-0.5122501,0.07054217,right_knee,-0.105339795,0.69705206,right_ankle,-0.3806999,0.9414102,left_hip,0.5122501,-0.07054217,left_knee,1.8048114,0.4669884,left_ankle,1.2133932,1.0247015,0,0,0
Fall__Fall_f_raw_c_3_C_D_0150_resized,11,C:\Users\ASUS\Downloads\3D_Human_Pose_NCKH\paper_baselines\lin2021_yolov8_lstm_gru\data\paper_skeleton_csv\Fall\Fall_Fall_f_raw_c_3_C_D_0150_resized.csv,1,Fall,nose,0.33218586,-0.77024466,neck,0.04937288,-0.9987804,right_shoulder,-0.64665776,-0.95534563,right_elbow,-0.7641761,-0.06268793,right_wrist,0.1969405,0.4002472,left_shoulder,0.74540323,-1.0422153,left_elbow,0.7269492,-0.2535767,left_wrist,0.6398636,0.31863308,mid_hip,0.0,0.0,right_hip,-0.5200175,0.06663845,right_knee,-0.09575075,0.68770045,right_ankle,-0.37305585,0.9760003,left_hip,0.5200173,-0.06663815,left_knee,1.8337328,0.48393875,left_ankle,1.2319645,1.0272481,0,0,0
Fall__Fall_f_raw_c_3_C_D_0150_resized,12,C:\Users\ASUS\Downloads\3D_Human_Pose_NCKH\paper_baselines\lin2021_yolov8_lstm_gru\data\paper_skeleton_csv\Fall\Fall_Fall_f_raw_c_3_C_D_0150_resized.csv,1,Fall,nose,0.50244844,-0.7220361,neck,0.043341514,-0.9990603,right_shoulder,-0.66089404,-0.92830795,right_elbow,-0.76504344,-0.029539846,right_wrist,0.18579498,0.4396475,left_shoulder,0.747577,-1.0698127,left_elbow,0.7056825,-0.25375214,left_wrist,0.6257078,0.34138027,mid_hip,0.0,0.0,right_hip,-0.5236707,0.082141675,right_knee,-0.14412221,0.7659525,right_ankle,-0.2922049,0.97882736,left_hip,0.523671,-0.082141675,left_knee,1.7928358,0.48472267,left_ankle,1.2196577,1.1553446,0,0,0
Fall__Fall_f_raw_c_3_C_D_0150_resized,13,C:\Users\ASUS\Downloads\3D_Human_Pose_NCKH\paper_baselines\lin2021_yolov8_lstm_gru\data\paper_skeleton_csv\Fall\Fall_Fall_f_raw_c_3_C_D_0150_resized.csv,1,Fall,nose,0.4664989,-0.6427383,neck,0.050610736,-0.9987185,right_shoulder,-0.6759646,-0.9346179,right_elbow,-0.7764246,-0.032123674,right_wrist,0.19139712,0.46527743,left_shoulder,0.7771864,-1.0628192,left_elbow,0.73229545,-0.24749342,left_wrist,0.6487337,0.36055663,mid_hip,0.0,0.0,right_hip,-0.53904176,0.079513125,right_knee,-0.11572281,0.7732383,right_ankle,-0.28118297,1.000076,left_hip,0.53904206,-0.07951343,left_knee,1.860561,0.51025444,left_ankle,1.2684773,1.1559032,0,0,0
Fall__Fall_f_raw_c_3_C_D_0150_resized,14,C:\Users\ASUS\Downloads\3D_Human_Pose_NCKH\paper_baselines\lin2021_yolov8_lstm_gru\data\paper_skeleton_csv\Fall\Fall_Fall_f_raw_c_3_C_D_0150_resized.csv,1,Fall,nose,0.40768337,-0.70430833,neck,0.048133727,-0.9988409,right_shoulder,-0.663563,-0.9446804,right_elbow,-0.76100016,-0.049028907,right_wrist,0.17817411,0.4344633,left_shoulder,0.7598303,-1.0530014,left_elbow,0.717672,-0.25481588,left_wrist,0.6343868,0.335063,mid_hip,0.0,0.0,right_hip,-0.52820945,0.073586226,right_knee,-0.109024085,0.72522026,right_ankle,-0.24267137,0.99320394,left_hip,0.52820945,-0.073586226,left_knee,1.8258643,0.49207795,left_ankle,1.2275633,1.0988172,0,0,0
Fall__Fall_f_raw_c_3_C_D_0150_resized,15,C:\Users\ASUS\Downloads\3D_Human_Pose_NCKH\paper_baselines\lin2021_yolov8_lstm_gru\data\paper_skeleton_csv\Fall\Fall_Fall_f_raw_c_3_C_D_0150_resized.csv,1,Fall,nose,0.38483337,-0.6872175,neck,0.090396784,-0.9959059,right_shoulder,-0.64543694,-0.953579,right_elbow,-0.77597815,-0.042818923,right_wrist,0.20705348,0.45924824,left_shoulder,0.8262302,-1.0382324,left_elbow,0.755577,-0.25551346,left_wrist,0.6735075,0.35556632,mid_hip,0.0,0.0,right_hip,-0.5465274,0.068307206,right_knee,-0.07684086,0.7272811,right_ankle,-0.22416934,1.049181,left_hip,0.5465277,-0.06830752,left_knee,1.899373,0.52979034,left_ankle,1.2837372,1.092326,0,0,0
Fall__Fall_f_raw_c_3_C_D_0150_resized,16,C:\Users\ASUS\Downloads\3D_Human_Pose_NCKH\paper_baselines\lin2021_yolov8_lstm_gru\data\paper_skeleton_csv\Fall\Fall_Fall_f_raw_c_3_C_D_0150_resized.csv,1,Fall,nose,0.43956548,-0.682771,neck,0.09358366,-0.9956114,right_shoulder,-0.6349459,-0.9486844,right_elbow,-0.77534056,-0.04282165,right_wrist,0.2050061,0.4614747,left_shoulder,0.8221131,-1.0425384,left_elbow,0.75422746,-0.24867731,left_wrist,0.67221737,0.37840852,mid_hip,0.0,0.0,right_hip,-0.5407321,0.07151132,right_knee,-0.08078532,0.75559163,right_ankle,-0.2404363,1.0525718,left_hip,0.5407318,-0.07151163,left_knee,1.8902487,0.53230923,left_ankle,1.280099,1.118321,0,0,0
Fall__Fall_f_raw_c_3_C_D_0150_resized,17,C:\Users\ASUS\Downloads\3D_Human_Pose_NCKH\paper_baselines\lin2021_yolov8_lstm_gru\data\paper_skeleton_csv\Fall\Fall_Fall_f_raw_c_3_C_D_0150_resized.csv,1,Fall,nose,0.43903682,-0.676186,neck,0.08335811,-0.9965197,right_shoulder,-0.64455914,-0.9435369,right_elbow,-0.7747753,-0.045784462,right_wrist,0.19937737,0.45133346,left_shoulder,0.8112755,-1.0495026,left_elbow,0.7378513,-0.24721709,left_wrist,0.6709627,0.36695173,mid_hip,0.0,0.0,right_hip,-0.5399683,0.07423418,right_knee,-0.078119345,0.7670339,right_ankle,-0.2465108,0.98999876,left_hip,0.539968,-0.074233875,left_knee,1.8820107,0.5276914,left_ankle,1.2500024,1.0882835,0,0,0
Fall__Fall_f_raw_c_3_C_D_0150_resized,18,C:\Users\ASUS\Downloads\3D_Human_Pose_NCKH\paper_baselines\lin2021_yolov8_lstm_gru\data\paper_skeleton_csv\Fall\Fall_Fall_f_raw_c_3_C_D_0150_resized.csv,1,Fall,nose,0.5064513,-0.5738044,neck,0.18228893,-0.9832451,right_shoulder,-0.430307,-0.93278825,right_elbow,-0.51138616,-0.08490262,right_wrist,0.35023296,0.39472327,left_shoulder,0.79488516,-1.0337018,left_elbow,0.74268085,-0.24745229,left_wrist,0.7741389,0.33772063,mid_hip,0.0,0.0,right_hip,-0.45320132,0.055457443,right_knee,0.02546079,0.6787408,right_ankle,-0.2936328,0.81117135,left_hip,0.4532016,-0.055457443,left_knee,1.6893147,0.43418747,left_ankle,1.1111766,0.96248394,0,0,0
Fall__Fall_f_raw_c_3_C_D_0150_resized,19,C:\Users\ASUS\Downloads\3D_Human_Pose_NCKH\paper_baselines\lin2021_yolov8_lstm_gru\data\paper_skeleton_csv\Fall\Fall_Fall_f_raw_c_3_C_D_0150_resized.csv,1,Fall,nose,0.51882374,-0.55678385,neck,0.191276,-0.9815363,right_shoulder,-0.41343898,-0.9315386,right_elbow,-0.50196105,-0.0889502,right_wrist,0.3606919,0.38843477,left_shoulder,0.7959911,-1.0315341,left_elbow,0.74804294,-0.26173282,left_wrist,0.7799524,0.33690536,mid_hip,0.0,0.0,right_hip,-0.44714037,0.055847544,right_knee,0.050959885,0.67782867,right_ankle,-0.28791544,0.8190645,left_hip,0.4471406,-0.05584728,left_knee,1.6922165,0.43254775,left_ankle,1.1121161,0.9441802,0,0,0
Fall__Fall_f_raw_c_3_C_D_0150_resized,20,C:\Users\ASUS\Downloads\3D_Human_Pose_NCKH\paper_baselines\lin2021_yolov8_lstm_gru\data\paper_skeleton_csv\Fall\Fall_Fall_f_raw_c_3_C_D_0150_resized.csv,1,Fall,nose,0.53337467,-0.5606389,neck,0.19959733,-0.979878,right_shoulder,-0.40673938,-0.93237245,right_elbow,-0.498124,-0.089109264,right_wrist,0.36477152,0.38691056,left_shoulder,0.8059341,-1.0273836,left_elbow,0.75336844,-0.2492307,left_wrist,0.78486174,0.34749836,mid_hip,0.0,0.0,right_hip,-0.4481442,0.055096094,right_knee,0.05666013,0.6789005,right_ankle,-0.27440363,0.8171201,left_hip,0.4481442,-0.055096358,left_knee,1.7016625,0.43359923,left_ankle,1.1249974,0.9461086,0,0,0
Fall__Fall_f_raw_c_3_C_D_0150_resized,21,C:\Users\ASUS\Downloads\3D_Human_Pose_NCKH\paper_baselines\lin2021_yolov8_lstm_gru\data\paper_skeleton_csv\Fall\Fall_Fall_f_raw_c_3_C_D_0150_resized.csv,1,Fall,nose,0.5233934,-0.61557007,neck,0.10704973,-0.9942537,right_shoulder,-0.6297634,-0.9433457,right_elbow,-0.78553927,-0.03034863,right_wrist,0.23028342,0.47396353,left_shoulder,0.8438629,-1.0451617,left_elbow,0.78895986,-0.22591935,left_wrist,0.71731204,0.40772262,mid_hip,0.0,0.0,right_hip,-0.546839,0.07663224,right_knee,-0.05175424,0.8190391,right_ankle,-0.2793792,1.0589966,left_hip,0.546839,-0.07663192,left_knee,1.9668865,0.56484175,left_ankle,1.3191526,1.1645699,0,0,0
Fall__Fall_f_raw_c_3_C_D_0150_resized,22,C:\Users\ASUS\Downloads\3D_Human_Pose_NCKH\paper_baselines\lin2021_yolov8_lstm_gru\data\paper_skeleton_csv\Fall\Fall_Fall_f_raw_c_3_C_D_0150_resized.csv,1,Fall,nose,0.46686888,-0.5927858,neck,0.104979254,-0.9944745,right_shoulder,-0.63443244,-0.9498091,right_elbow,-0.7820687,-0.034283973,right_wrist,0.22640413,0.46774817,left_shoulder,0.8443908,-1.0391399,left_elbow,0.7864529,-0.23760471,left_wrist,0.7191736,0.38191685,mid_hip,0.0,0.0,right_hip,-0.5494324,0.07319484,right_knee,-0.04318744,0.794781,right_ankle,-0.28017274,1.0580268,left_hip,0.5494324,-0.07319484,left_knee,1.9775842,0.560949,left_ankle,1.3138753,1.1146741,0,0,0
Fall__Fall_f_raw_c_3_C_D_0150_resized,23,C:\Users\ASUS\Downloads\3D_Human_Pose_NCKH\paper_baselines\lin2021_yolov8_lstm_gru\data\paper_skeleton_csv\Fall\Fall_Fall_f_raw_c_3_C_D_0150_resized.csv,1,Fall,nose,0.55633515,-0.5798258,neck,0.09516912,-0.9954611,right_shoulder,-0.6483634,-0.9394561,right_elbow,-0.8008498,-0.016719636,right_wrist,0.23683572,0.49183837,left_shoulder,0.838702,-1.0514659,left_elbow,0.8073215,-0.21788293,left_wrist,0.73141396,0.40572694,mid_hip,0.0,0.0,right_hip,-0.5526486,0.08148171,right_knee,-0.07169426,0.8570788,right_ankle,-0.34855622,1.0662324,left_hip,0.5526486,-0.08148171,left_knee,2.0046754,0.5725336,left_ankle,1.3300291,1.1835566,0,0,0
Fall__Fall_f_raw_c_3_C_D_0150_resized,24,C:\Users\ASUS\Downloads\3D_Human_Pose_NCKH\paper_baselines\lin2021_yolov8_lstm_gru\data\paper_skeleton_csv\Fall\Fall_Fall_f_raw_c_3_C_D_0150_resized.csv,1,Fall,nose,0.60553735,-0.4419686,neck,0.15693818,-0.98760843,right_shoulder,-0.49146956,-0.9107315,right_elbow,-0.52634156,-0.027162684,right_wrist,0.39779368,0.47872496,left_shoulder,0.8053462,-1.0644854,left_elbow,0.7703059,-0.25532678,left_wrist,0.8114429,0.38985276,mid_hip,0.0,0.0,right_hip,-0.48076862,0.07190615,right_knee,-0.043472834,0.8120854,right_ankle,-0.34128216,0.9006552,left_hip,0.48076847,-0.07190615,left_knee,1.784116,0.4804471,left_ankle,1.1720192,1.1058568,0,0,0
Fall__Fall_f_raw_c_3_C_D_0150_resized,25,C:\Users\ASUS\Downloads\3D_Human_Pose_NCKH\paper_baselines\lin2021_yolov8_lstm_gru\data\paper_skeleton_csv\Fall\Fall_Fall_f_raw_c_3_C_D_0150_resized.csv,1,Fall,nose,0.5186866,-0.4992287,neck,0.042141348,-0.99911165,right_shoulder,-0.7286015,-0.94280624,right_elbow,-0.82864827,-0.0055637904,right_wrist,0.22846349,0.5173672,left_shoulder,0.8128842,-1.0554171,left_elbow,0.7908125,-0.23851052,left_wrist,0.7231324,0.3958302,mid_hip,0.0,0.0,right_hip,-0.57578844,0.08275639,right_knee,-0.15599531,0.86246175,right_ankle,-0.37586847,1.0863688,left_hip,0.5757888,-0.08275639,left_knee,2.061918,0.5947155,left_ankle,1.3880656,1.2278731,0,0,0
Fall__Fall_f_raw_c_3_C_D_0150_resized,26,C:\Users\ASUS\Downloads\3D_Human_Pose_NCKH\paper_baselines\lin2021_yolov8_lstm_gru\data\paper_skeleton_csv\Fall\Fall_Fall_f_raw_c_3_C_D_0150_resized.csv,1,Fall,nose,0.5309571,-0.5247813,neck,0.049099345,-0.99879384,right_shoulder,-0.7231589,-0.94140434,right_elbow,-0.82468617,-0.009548424,right_wrist,0.22408791,0.51631856,left_shoulder,0.8213574,-1.0561832,left_elbow,0.7870358,-0.23105581,left_wrist,0.7226847,0.40676126,mid_hip,0.0,0.0,right_hip,-0.5771315,0.084358536,right_knee,-0.15089993,0.8812453,right_ankle,-0.369425,1.0949148,left_hip,0.5771315,-0.08435887,left_knee,2.069158,0.59126127,left_ankle,1.3829676,1.214587,0,0,0
Fall__Fall_f_raw_c_3_C_D_0150_resized,27,C:\Users\ASUS\Downloads\3D_Human_Pose_NCKH\paper_baselines\lin2021_yolov8_lstm_gru\data\paper_skeleton_csv\Fall\Fall_Fall_f_raw_c_3_C_D_0150_resized.csv,1,Fall,nose,0.5201626,-0.54736793,neck,0.05096176,-0.99870056,right_shoulder,-0.71125525,-0.9356171,right_elbow,-0.81357545,0.00020896706,right_wrist,0.23174676,0.5188341,left_shoulder,0.8131786,-1.061784,left_elbow,0.78170514,-0.23314174,left_wrist,0.72385013,0.41580287,mid_hip,0.0,0.0,right_hip,-0.5700545,0.08613767,right_knee,-0.13567498,0.8878558,right_ankle,-0.3761574,1.0803996,left_hip,0.5700543,-0.08613734,left_knee,2.0519788,0.592549,left_ankle,1.3652706,1.1974658,0,0,0
Fall__Fall_f_raw_c_3_C_D_0150_resized,28,C:\Users\ASUS\Downloads\3D_Human_Pose_NCKH\paper_baselines\lin2021_yolov8_lstm_gru\data\paper_skeleton_csv\Fall\Fall_Fall_f_raw_c_3_C_D_0150_resized.csv,1,Fall,nose,0.57914335,-0.43139443,neck,0.16667987,-0.9860111,right_shoulder,-0.4769734,-0.91245216,right_elbow,-0.5114699,-0.042524993,right_wrist,0.40237275,0.45975378,left_shoulder,0.8103332,-1.05957,left_elbow,0.7788758,-0.2578479,left_wrist,0.82922816,0.37642512,mid_hip,0.0,0.0,right_hip,-0.4765906,0.06868865,right_knee,-0.019121632,0.788157,right_ankle,-0.38847327,0.85217273,left_hip,0.47659034,-0.06868865,left_knee,1.7959275,0.47042972,left_ankle,1.1222224,1.0511998,0,0,0
Fall__Fall_f_raw_c_3_C_D_0150_resized,29,C:\Users\ASUS\Downloads\3D_Human_Pose_NCKH\paper_baselines\lin2021_yolov8_lstm_gru\data\paper_skeleton_csv\Fall\Fall_Fall_f_raw_c_3_C_D_0150_resized.csv,1,Fall,nose,0.50257903,-0.4850321,neck,0.061062682,-0.9981339,right_shoulder,-0.72083604,-0.94055986,right_elbow,-0.8202242,-0.0050289887,right_wrist,0.23382305,0.52863127,left_shoulder,0.8429617,-1.0557078,left_elbow,0.8027687,-0.23762421,left_wrist,0.73804784,0.41974267,mid_hip,0.0,0.0,right_hip,-0.58230543,0.0824693,right_knee,-0.13436936,0.8893524,right_ankle,-0.38569078,1.1079385,left_hip,0.5823051,-0.0824693,left_knee,2.0819361,0.61621106,left_ankle,1.3358834,1.2164032,0,0,0
Fall__Fall_f_raw_c_3_C_D_0150_resized,30,C:\Users\ASUS\Downloads\3D_Human_Pose_NCKH\paper_baselines\lin2021_yolov8_lstm_gru\data\paper_skeleton_csv\Fall\Fall_Fall_f_raw_c_3_C_D_0150_resized.csv,1,Fall,nose,0.4921206,-0.448251,neck,0.040865295,-0.99916464,right_shoulder,-0.7495184,-0.93866444,right_elbow,-0.83913517,-0.00065554853,right_wrist,0.2200623,0.53294337,left_shoulder,0.8312488,-1.0596646,left_elbow,0.8014737,-0.23171698,left_wrist,0.7267638,0.43983153,mid_hip,0.0,0.0,right_hip,-0.5871967,0.08477442,right_knee,-0.15074293,0.89966744,right_ankle,-0.39166683,1.1013395,left_hip,0.58719707,-0.08477442,left_knee,2.079008,0.6115138,left_ankle,1.3191849,1.2063571,0,0,0
Fall__Fall_f_raw_c_3_C_D_0150_resized,31,C:\Users\ASUS\Downloads\3D_Human_Pose_NCKH\paper_baselines\lin2021_yolov8_lstm_gru\data\paper_skeleton_csv\Fall\Fall_Fall_f_raw_c_3_C_D_0150_resized.csv,1,Fall,nose,0.4798501,-0.44716862,neck,0.040091917,-0.999196,right_shoulder,-0.76093954,-0.9342356,right_elbow,-0.8431009,0.0020985703,right_wrist,0.22295022,0.5411495,left_shoulder,0.84112316,-1.0641567,left_elbow,0.80259144,-0.24132927,left_wrist,0.72501063,0.44461757,mid_hip,0.0,0.0,right_hip,-0.59291023,0.08599344,right_knee,-0.15944074,0.8998242,right_ankle,-0.34745872,1.1110253,left_hip,0.59291023,-0.08599344,left_knee,2.0614803,0.6121636,left_ankle,1.2895157,1.2281075,0,0,0
Fall__Fall_f_raw_c_3_C_D_0150_resized,32,C:\Users\ASUS\Downloads\3D_Human_Pose_NCKH\paper_baselines\lin2021_yolov8_lstm_gru\data\paper_skeleton_csv\Fall\Fall_Fall_f_raw_c_3_C_D_0150_resized.csv,1,Fall,nose,0.46793622,-0.48472413,neck,0.059931308,-0.99820256,right_shoulder,-0.73930866,-0.9367534,right_elbow,-0.82433146,0.0072640195,right_wrist,0.23047517,0.53428227,left_shoulder,0.85917115,-1.0596517,left_elbow,0.806382,-0.22806796,left_wrist,0.7278072,0.464038,mid_hip,0.0,0.0,right_hip,-0.5915499,0.08256705,right_knee,-0.1428841,0.890548,right_ankle,-0.31754044,1.1150998,left_hip,0.59154975,-0.08256738,left_knee,2.045325,0.6204058,left_ankle,1.2721692,1.2096967,0,0,0
Fall__Fall_f_raw_c_3_C_D_0150_resized,33,C:\Users\ASUS\Downloads\3D_Human_Pose_NCKH\paper_baselines\lin2021_yolov8_lstm_gru\data\paper_skeleton_csv\Fall\Fall_Fall_f_raw_c_3_C_D_0150_resized.csv,1,Fall,nose,0.5541371,-0.48765597,neck,0.07240093,-0.99737567,right_shoulder,-0.72245276,-0.9295127,right_elbow,-0.83391005,0.026585544,right_wrist,0.24877042,0.5595563,left_shoulder,0.8672546,-1.0652388,left_elbow,0.8376907,-0.21572755,left_wrist,0.750234,0.49619728,mid_hip,0.0,0.0,right_hip,-0.5882823,0.08851399,right_knee,-0.11244068,0.9431695,right_ankle,-0.34665728,1.1358378,left_hip,0.588282,-0.08851399,left_knee,2.071345,0.64244884,left_ankle,1.2670155,1.2447699,0,0,0
Fall__Fall_f_raw_c_3_C_D_0150_resized,34,C:\Users\ASUS\Downloads\3D_Human_Pose_NCKH\paper_baselines\lin2021_yolov8_lstm_gru\data\paper_skeleton_csv\Fall\Fall_Fall_f_raw_c_3_C_D_0150_resized.csv,1,Fall,nose,0.4863391,-0.47978905,neck,0.07839021,-0.99692273,right_shoulder,-0.7362534,-0.9400723,right_elbow,-0.83509153,0.025423013,right_wrist,0.24234544,0.5613509,left_shoulder,0.8930338,-1.0537732,left_elbow,0.8441052,-0.21954185,left_wrist,0.7514207,0.48419127,mid_hip,0.0,0.0,right_hip,-0.60089886,0.08095869,right_knee,-0.111702845,0.9114355,right_ankle,-0.30905977,1.144438,left_hip,0.60089886,-0.08095869,left_knee,2.0765257,0.6586272,left_ankle,1.2573749,1.2087418,0,0,0
Fall__Fall_f_raw_c_3_C_D_0150_resized,35,C:\Users\ASUS\Downloads\3D_Human_Pose_NCKH\paper_baselines\lin2021_yolov8_lstm_gru\data\paper_skeleton_csv\Fall\Fall_Fall_f_raw_c_3_C_D_0150_resized.csv,1,Fall,nose,0.5188913,-0.48100746,neck,0.099008135,-0.9950866,right_shoulder,-0.72018903,-0.9371249,right_elbow,-0.82813823,0.03008726,right_wrist,0.26025832,0.5642671,left_shoulder,0.9182055,-1.0530483,left_elbow,0.8728981,-0.2248331,left_wrist,0.7790954,0.46701208,mid_hip,0.0,0.0,right_hip,-0.603547,0.08164318,right_knee,-0.09949018,0.91390485,right_ankle,-0.3317223,1.144497,left_hip,0.603547,-0.08164352,left_knee,2.1037016,0.65749407,left_ankle,1.2464393,1.2043612,0,0,0
Fall__Fall_f_raw_c_3_C_D_0150_resized,36,C:\Users\ASUS\Downloads\3D_Human_Pose_NCKH\paper_baselines\lin2021_yolov8_lstm_gru\data\paper_skeleton_csv\Fall\Fall_Fall_f_raw_c_3_C_D_0150_resized.csv,1,Fall,nose,0.4777377,-0.60938334,neck,0.090201676,-0.9959235,right_shoulder,-0.7020574,-0.9391737,right_elbow,-0.80359954,0.03219742,right_wrist,0.23474586,0.5444253,left_shoulder,0.8824606,-1.0526732,left_elbow,0.80884534,-0.20486899,left_wrist,0.73028076,0.49525574,mid_hip,0.0,0.0,right_hip,-0.58249485,0.07827597,right_knee,-0.11502557,0.8854408,right_ankle,-0.2689464,1.1042625,left_hip,0.58249485,-0.07827629,left_knee,1.9867208,0.6357508,left_ankle,1.1361252,1.1366675,0,0,0
Fall__Fall_f_raw_c_3_C_D_0150_resized,37,C:\Users\ASUS\Downloads\3D_Human_Pose_NCKH\paper_baselines\lin2021_yolov8_lstm_gru\data\paper_skeleton_csv\Fall\Fall_Fall_f_raw_c_3_C_D_0150_resized.csv,1,Fall,nose,0.52688,-0.60250396,neck,0.10520886,-0.99445015,right_shoulder,-0.6891633,-0.94042397,right_elbow,-0.8002783,0.026875801,right_wrist,0.23935504,0.5350847,left_shoulder,0.8995814,-1.0484765,left_elbow,0.8149167,-0.19305976,left_wrist,0.73329145,0.49883586,mid_hip,0.0,0.0,right_hip,-0.5831456,0.078288704,right_knee,-0.11865149,0.890747,right_ankle,-0.25072244,1.0954654,left_hip,0.58314544,-0.078288704,left_knee,1.9886104,0.62966084,left_ankle,1.118224,1.1346297,0,0,0
Fall__Fall_f_raw_c_3_C_D_0150_resized,38,C:\Users\ASUS\Downloads\3D_Human_Pose_NCKH\paper_baselines\lin2021_yolov8_lstm_gru\data\paper_skeleton_csv\Fall\Fall_Fall_f_raw_c_3_C_D_0150_resized.csv,1,Fall,nose,0.5517425,-0.5347605,neck,0.10730999,-0.9942256,right_shoulder,-0.7071702,-0.9396046,right_elbow,-0.8106174,0.038953632,right_wrist,0.24323282,0.5652379,left_shoulder,0.9217905,-1.0488466,left_elbow,0.83358467,-0.19477978,left_wrist,0.7376084,0.50503606,mid_hip,0.0,0.0,right_hip,-0.5967782,0.07912019,right_knee,-0.13278715,0.9090697,right_ankle,-0.24868734,1.1174526,left_hip,0.59677833,-0.07911986,left_knee,2.029403,0.6512661,left_ankle,1.1169567,1.1782223,0,0,0
Fall__Fall_f_raw_c_3_C_D_0150_resized,39,C:\Users\ASUS\Downloads\3D_Human_Pose_NCKH\paper_baselines\lin2021_yolov8_lstm_gru\data\paper_skeleton_csv\Fall\Fall_Fall_f_raw_c_3_C_D_0150_resized.csv,1,Fall,nose,0.63887894,-0.47716555,neck,0.22161397,-0.9751345,right_shoulder,-0.46140668,-0.91511625,right_elbow,-0.526159,-0.007029963,right_wrist,0.41632032,0.5052623,left_shoulder,0.9046345,-1.0351529,left_elbow,0.8197059,-0.22487411,left_wrist,0.8497964,0.44985688,mid_hip,0.0,0.0,right_hip,-0.4970498,0.062459625,right_knee,0.0005618951,0.8486874,right_ankle,-0.26525867,0.92317474,left_hip,0.4970498,-0.062459912,left_knee,1.792269,0.572135,left_ankle,0.9482079,1.0592424,0,0,0
Fall__Fall_f_raw_c_3_C_D_0150_resized,40,C:\Users\ASUS\Downloads\3D_Human_Pose_NCKH\paper_baselines\lin2021_yolov8_lstm_gru\data\paper_skeleton_csv\Fall\Fall_Fall_f_raw_c_3_C_D_0150_resized.csv,1,Fall,nose,0.583674,-0.420387,neck,0.17406859,-0.9847335,right_shoulder,-0.5119787,-0.9310544,right_elbow,-0.5502965,-0.027444247,right_wrist,0.38416168,0.486391,left_shoulder,0.8601158,-1.0384126,left_elbow,0.7963893,-0.24635734,left_wrist,0.8299226,0.42158067,mid_hip,0.0,0.0,right_hip,-0.49603245,0.06085109,right_knee,0.00531083,0.8236722,right_ankle,-0.28377205,0.92165303,left_hip,0.49603215,-0.06085109,left_knee,1.784529,0.56565034,left_ankle,0.866083,1.020719,0,0,0
Fall__Fall_f_raw_c_3_C_D_0150_resized,41,C:\Users\ASUS\Downloads\3D_Human_Pose_NCKH\paper_baselines\lin2021_yolov8_lstm_gru\data\paper_skeleton_csv\Fall\Fall_Fall_f_raw_c_3_C_D_0150_resized.csv,1,Fall,nose,0.62579787,-0.44887358,neck,0.1960278,-0.98059833,right_shoulder,-0.46889362,-0.92408264,right_elbow,-0.5339135,-0.04449239,right_wrist,0.3840178,0.47133997,left_shoulder,0.86094934,-1.037114,left_elbow,0.79883736,-0.2645659,left_wrist,0.839379,0.4001758,mid_hip,0.0,0.0,right_hip,-0.48318866,0.06243621,right_knee,0.01318763,0.8436189,right_ankle,-0.35234997,0.8959288,left_hip,0.48318896,-0.06243593,left_knee,1.7631887,0.5621442,left_ankle,0.8216866,0.9882733,0,0,0
Fall__Fall_f_raw_c_3_C_D_0150_resized,42,C:\Users\ASUS\Downloads\3D_Human_Pose_NCKH\paper_baselines\lin2021_yolov8_lstm_gru\data\paper_skeleton_csv\Fall\Fall_Fall_f_raw_c_3_C_D_0150_resized.csv,1,Fall,nose,0.8504563,-0.49045432,neck,0.22911797,-0.9733987,right_shoulder,-0.40361285,-0.8825654,right_elbow,-0.50158185,-0.02427894,right_wrist,0.383195,0.466099,left_shoulder,0.86184895,-1.064232,left_elbow,0.778873,-0.2841922,left_wrist,0.8164537,0.4199481,mid_hip,0.0,0.0,right_hip,-0.46158218,0.08111424,right_knee,-0.0050667967,0.90910476,right_ankle,-0.37294742,0.84541625,left_hip,0.46158245,-0.08111424,left_knee,1.7300444,0.49241552,left_ankle,0.73802793,1.0280826,0,0,0
Fall__Fall_f_raw_c_3_C_D_0150_resized,43,C:\Users\ASUS\Downloads\3D_Human_Pose_NCKH\paper_baselines\lin2021_yolov8_lstm_gru\data\paper_skeleton_csv\Fall\Fall_Fall_f_raw_c_3_C_D_0150_resized.csv,1,Fall,nose,0.9675102,-0.44918853,neck,0.28754085,-0.9577684,right_shoulder,-0.4285198,-0.88504636,right_elbow,-0.57746965,0.023097571,right_wrist,0.40557033,0.56662494,left_shoulder,1.0036018,-1.0304904,left_elbow,0.89413565,-0.20800208,left_wrist,0.92107433,0.47412777,mid_hip,0.0,0.0,right_hip,-0.52700865,0.084452204,right_knee,-0.04342766,1.0750228,right_ankle,-0.43206838,1.0140836,left_hip,0.5270083,-0.084452204,left_knee,1.9486995,0.6571416,left_ankle,0.7902513,1.1095711,0,0,0
Fall__Fall_f_raw_c_3_C_D_0150_resized,44,C:\Users\ASUS\Downloads\3D_Human_Pose_NCKH\paper_baselines\lin2021_yolov8_lstm_gru\data\paper_skeleton_csv\Fall\Fall_Fall_f_raw_c_3_C_D_0150_resized.csv,1,Fall,nose,0.83359677,-0.5152191,neck,0.28527963,-0.9584443,right_shoulder,-0.39697397,-0.9025099,right_elbow,-0.52502185,0.0016902423,right_wrist,0.4242407,0.5154749,left_shoulder,0.96753335,-1.0143785,left_elbow,0.9269461,-0.24983203,left_wrist,0.9466497,0.40693173,mid_hip,0.0,0.0,right_hip,-0.5041176,0.0753924,right_knee,0.038715955,0.9876113,right_ankle,-0.4397585,1.0255445,left_hip,0.5041178,-0.0753924,left_knee,1.956175,0.63630164,left_ankle,0.7861673,0.9699099,0,0,0
Fall__Fall_f_raw_c_3_C_D_0150_resized,45,C:\Users\ASUS\Downloads\3D_Human_Pose_NCKH\paper_baselines\lin2021_yolov8_lstm_gru\data\paper_skeleton_csv\Fall\Fall_Fall_f_raw_c_3_C_D_0150_resized.csv,1,Fall,nose,0.73910433,-0.6126027,neck,0.3252958,-0.94561225,right_shoulder,-0.34460092,-0.9194193,right_elbow,-0.51736844,-0.04397779,right_wrist,0.4297742,0.46810827,left_shoulder,0.9951927,-0.9718054,left_elbow,0.9340779,-0.26145872,left_wrist,0.9555596,0.35774153,mid_hip,0.0,0.0,right_hip,-0.496907,0.06005984,right_knee,0.0881031,0.8949861,right_ankle,-0.43664175,1.0296549,left_hip,0.49690714,-0.060059536,left_knee,1.9584329,0.6159468,left_ankle,0.79452896,0.83631504,0,0,0
Fall__Fall_f_raw_c_3_C_D_0150_resized,46,C:\Users\ASUS\Downloads\3D_Human_Pose_NCKH\paper_baselines\lin2021_yolov8_lstm_gru\data\paper_skeleton_csv\Fall\Fall_Fall_f_raw_c_3_C_D_0150_resized.csv,1,Fall,nose,0.7343366,-0.60864633,neck,0.23825487,-0.9712027,right_shoulder,-0.3670951,-0.90959424,right_elbow,-0.4556409,-0.103971355,right_wrist,0.3532121,0.37772277,left_shoulder,0.843605,-1.0328113,left_elbow,0.7432854,-0.3628925,left_wrist,0.8095948,0.2966199,mid_hip,0.0,0.0,right_hip,-0.43118393,0.06968362,right_knee,0.07446126,0.8147272,right_ankle,-0.20404251,0.8916989,left_hip,0.43118393,-0.06968362,left_knee,1.6331595,0.45554745,left_ankle,0.36460876,0.79016453,0,0,0
Fall__Fall_f_raw_c_3_C_D_0150_resized,47,C:\Users\ASUS\Downloads\3D_Human_Pose_NCKH\paper_baselines\lin2021_yolov8_lstm_gru\data\paper_skeleton_csv\Fall\Fall_Fall_f_raw_c_3_C_D_0150_resized.csv,1,Fall,nose,0.88547707,-0.5191777,neck,0.30163926,-0.9534221,right_shoulder,-0.35843945,-0.91092706,right_elbow,-0.44599447,-0.04873696,right_wrist,0.39477947,0.42850792,left_shoulder,0.96171814,-0.9959173,left_elbow,0.82663995,-0.2746639,left_wrist,0.87824845,0.3208028,mid_hip,0.0,0.0,right_hip,-0.47710943,0.07152965,right_knee,0.042652477,0.8770663,right_ankle,-0.11289752,0.99371517,left_hip,0.47710928,-0.07152994,left_knee,1.8081625,0.5182576,left_ankle,0.4540334,0.83269703,0,0,0
Fall__Fall_f_raw_c_3_C_D_0150_resized,48,C:\Users\ASUS\Downloads\3D_Human_Pose_NCKH\paper_baselines\lin2021_yolov8_lstm_gru\data\paper_skeleton_csv\Fall\Fall_Fall_f_raw_c_3_C_D_0150_resized.csv,1,Fall,nose,-0.13625373,-1.1048857,neck,-0.035109498,-0.9993835,right_shoulder,-0.36392877,-0.9816685,right_elbow,-0.51968485,-0.52899915,right_wrist,-0.69067013,-0.929072,left_shoulder,0.29370993,-1.0170985,left_elbow,0.2025501,-0.45099524,left_wrist,-0.37744924,-0.42264548,mid_hip,0.0,0.0,right_hip,-0.23288627,0.0013944322,right_knee,-0.19195026,0.63742465,right_ankle,-0.039042342,0.8740557,left_hip,0.23288609,-0.0013943443,left_knee,0.25716245,0.66491145,left_ankle,0.19555867,0.8552191,0,0,0
Fall__Fall_f_raw_c_3_C_D_0150_resized,49,C:\Users\ASUS\Downloads\3D_Human_Pose_NCKH\paper_baselines\lin2021_yolov8_lstm_gru\data\paper_skeleton_csv\Fall\Fall_Fall_f_raw_c_3_C_D_0150_resized.csv,1,Fall,nose,0.68983096,-0.65124506,neck,0.35583523,-0.9345487,right_shoulder,-0.2982669,-0.9239319,right_elbow,-0.3854465,-0.01857507,right_wrist,0.44881633,0.45599633,left_shoulder,1.0099373,-0.94516563,left_elbow,0.86000615,-0.23033847,left_wrist,0.95200074,0.33921146,mid_hip,0.0,0.0,right_hip,-0.4732682,0.050846346,right_knee,0.14202711,0.87129515,right_ankle,-0.030982858,1.0114213,left_hip,0.47326854,-0.050846346,left_knee,1.8611414,0.6330659,left_ankle,0.5710267,0.674219,0,0,0
Fall__Fall_f_raw_c_3_C_D_0150_resized,50,C:\Users\ASUS\Downloads\3D_Human_Pose_NCKH\paper_baselines\lin2021_yolov8_lstm_gru\data\paper_skeleton_csv\Fall\Fall_Fall_f_raw_c_3_C_D_0150_resized.csv,1,Fall,nose,-0.14992672,-1.0967547,neck,-0.045314755,-0.9989728,right_shoulder,-0.35864204,-0.98274875,right_elbow,-0.52882063,-0.5070296,right_wrist,-0.70705736,-0.938617,left_shoulder,0.26801252,-1.0151967,left_elbow,0.16333744,-0.42910492,left_wrist,-0.41473252,-0.3970139,mid_hip,0.0,0.0,right_hip,-0.22046463,-0.0014310995,right_knee,-0.22929062,0.58968264,right_ankle,-0.110544294,0.94210076,left_hip,0.22046463,0.0014310995,left_knee,0.21283562,0.6215652,left_ankle,0.1428509,0.93955564,0,0,0
Fall__Fall_f_raw_c_3_C_D_0150_resized,51,C:\Users\ASUS\Downloads\3D_Human_Pose_NCKH\paper_baselines\lin2021_yolov8_lstm_gru\data\paper_skeleton_csv\Fall\Fall_Fall_f_raw_c_3_C_D_0150_resized.csv,1,Fall,nose,0.6896554,-0.6773422,neck,0.28476888,-0.95859617,right_shoulder,-0.43332604,-0.9336145,right_elbow,-0.5359069,0.066714406,right_wrist,0.28096786,0.51579523,left_shoulder,1.0028638,-0.9835779,left_elbow,0.8456034,-0.24986868,left_wrist,0.82936466,0.4057603,mid_hip,0.0,0.0,right_hip,-0.5219939,0.063139915,right_knee,-0.091789626,1.0183578,right_ankle,-0.21072689,1.1419809,left_hip,0.5219939,-0.063140236,left_knee,1.8812428,0.7611188,left_ankle,0.5685551,0.6317547,0,0,0
Fall__Fall_f_raw_c_3_C_D_0150_resized,52,C:\Users\ASUS\Downloads\3D_Human_Pose_NCKH\paper_baselines\lin2021_yolov8_lstm_gru\data\paper_skeleton_csv\Fall\Fall_Fall_f_raw_c_3_C_D_0150_resized.csv,1,Fall,nose,0.79207164,-0.5830427,neck,0.29889616,-0.9542856,right_shoulder,-0.41689512,-0.94197285,right_elbow,-0.35254732,0.0665793,right_wrist,0.45412377,0.5110777,left_shoulder,1.0146874,-0.9665984,left_elbow,0.77235466,-0.21037364,left_wrist,0.90871686,0.40974662,mid_hip,0.0,0.0,right_hip,-0.50617313,0.05515563,right_knee,-0.034486677,0.956335,right_ankle,0.6218259,1.0362003,left_hip,0.50617284,-0.05515563,left_knee,1.7639049,0.7539849,left_ankle,0.5184978,0.68910193,0,0,0
Fall__Fall_f_raw_c_3_C_D_0150_resized,53,C:\Users\ASUS\Downloads\3D_Human_Pose_NCKH\paper_baselines\lin2021_yolov8_lstm_gru\data\paper_skeleton_csv\Fall\Fall_Fall_f_raw_c_3_C_D_0150_resized.csv,1,Fall,nose,1.0750908,-0.6120889,neck,0.33724993,-0.9414152,right_shoulder,-0.27500257,-0.8986985,right_elbow,-0.47331652,0.08612992,right_wrist,0.37802824,0.5306672,left_shoulder,0.94950277,-0.984132,left_elbow,0.80808574,-0.22785419,left_wrist,0.8413929,0.4281951,mid_hip,0.0,0.0,right_hip,-0.4517966,0.08022307,right_knee,0.04965593,1.0798466,right_ankle,-0.25982904,1.0460547,left_hip,0.45179626,-0.08022338,left_knee,1.8337975,0.7132051,left_ankle,0.58238196,0.60869944,0,0,0
Fall__Fall_f_raw_c_3_C_D_0150_resized,54,C:\Users\ASUS\Downloads\3D_Human_Pose_NCKH\paper_baselines\lin2021_yolov8_lstm_gru\data\paper_skeleton_csv\Fall\Fall_Fall_f_raw_c_3_C_D_0150_resized.csv,1,Fall,nose,0.6872027,-0.7432569,neck,0.2458668,-0.9693036,right_shoulder,-0.24888422,-0.9205588,right_elbow,-0.4473,-0.08236178,right_wrist,0.33971396,0.36733457,left_shoulder,0.7406176,-1.0180484,left_elbow,0.6943999,-0.33892733,left_wrist,0.75747603,0.2813506,mid_hip,0.0,0.0,right_hip,-0.3486458,0.06292511,right_knee,0.24499515,0.9559207,right_ankle,-0.23304167,0.839698,left_hip,0.34864554,-0.062924825,left_knee,1.4280413,0.59998757,left_ankle,0.39036566,0.4453347,0,0,0
Fall__Fall_f_raw_c_3_C_D_0150_resized,55,C:\Users\ASUS\Downloads\3D_Human_Pose_NCKH\paper_baselines\lin2021_yolov8_lstm_gru\data\paper_skeleton_csv\Fall\Fall_Fall_f_raw_c_3_C_D_0150_resized.csv,1,Fall,nose,0.94673,-0.77319807,neck,0.2740703,-0.9617096,right_shoulder,-0.21457575,-0.884011,right_elbow,-0.42674127,-0.06758086,right_wrist,0.3653395,0.39323458,left_shoulder,0.76271635,-1.0394083,left_elbow,0.6741892,-0.3910369,left_wrist,0.7546888,0.25963804,mid_hip,0.0,0.0,right_hip,-0.3505115,0.080616586,right_knee,0.21850151,1.003771,right_ankle,-0.21758683,0.8829614,left_hip,0.3505115,-0.08061687,left_knee,1.4714668,0.5508056,left_ankle,0.3201571,0.5656453,0,0,0
Fall__Fall_f_raw_c_3_C_D_0150_resized,56,C:\Users\ASUS\Downloads\3D_Human_Pose_NCKH\paper_baselines\lin2021_yolov8_lstm_gru\data\paper_skeleton_csv\Fall\Fall_Fall_f_raw_c_3_C_D_0150_resized.csv,1,Fall,nose,0.64713967,-0.8245707,neck,0.20333746,-0.9791087,right_shoulder,-0.2362509,-0.9420859,right_elbow,-0.39615545,-0.123519965,right_wrist,0.35980842,0.27428758,left_shoulder,0.64292586,-1.0161316,left_elbow,0.6692122,-0.40531477,left_wrist,0.76202077,0.17161156,mid_hip,0.0,0.0,right_hip,-0.30781034,0.059923146,right_knee,0.3396213,0.810148,right_ankle,-0.18422149,0.8714359,left_hip,0.3078106,-0.059922878,left_knee,1.3427029,0.48835734,left_ankle,0.3666348,0.4097401,0,0,0
Fall__Fall_f_raw_c_3_C_D_0150_resized,57,C:\Users\ASUS\Downloads\3D_Human_Pose_NCKH\paper_baselines\lin2021_yolov8_lstm_gru\data\paper_skeleton_csv\Fall\Fall_Fall_f_raw_c_3_C_D_0150_resized.csv,1,Fall,nose,0.68274206,-0.80502236,neck,0.26962677,-0.9629649,right_shoulder,-0.15630496,-0.9181956,right_elbow,-0.37962598,-0.11507559,right_wrist,0.3985526,0.25594416,left_shoulder,0.69555825,-1.0077342,left_elbow,0.68801177,-0.3952667,left_wrist,0.79365957,0.17504036,mid_hip,0.0,0.0,right_hip,-0.29885596,0.061601818,right_knee,0.41948113,0.7693213,right_ankle,-0.18418196,0.83121485,left_hip,0.29885596,-0.061602082,left_knee,1.3493649,0.43206784,left_ankle,0.41256362,0.3979881,0,0,0
Fall__Fall_f_raw_c_3_C_D_0150_resized,58,C:\Users\ASUS\Downloads\3D_Human_Pose_NCKH\paper_baselines\lin2021_yolov8_lstm_gru\data\paper_skeleton_csv\Fall\Fall_Fall_f_raw_c_3_C_D_0150_resized.csv,1,Fall,nose,0.7795954,-0.79881173,neck,0.3461737,-0.93817043,right_shoulder,-0.07726643,-0.88925093,right_elbow,-0.2903422,-0.07583009,right_wrist,0.44919506,0.2889283,left_shoulder,0.7696141,-0.98708993,left_elbow,0.74093735,-0.38515478,left_wrist,0.8855597,0.1867706,mid_hip,0.0,0.0,right_hip,-0.2952517,0.06401653,right_knee,0.5864413,0.7101477,right_ankle,-0.05326394,0.8988875,left_hip,0.29525143,-0.06401653,left_knee,1.4853259,0.38306674,left_ankle,0.38686052,0.46674868,0,0,0
Fall__Fall_f_raw_c_3_C_D_0150_resized,59,C:\Users\ASUS\Downloads\3D_Human_Pose_NCKH\paper_baselines\lin2021_yolov8_lstm_gru\data\paper_skeleton_csv\Fall\Fall_Fall_f_raw_c_3_C_D_0150_resized.csv,1,Fall,nose,0.8638719,-0.8323159,neck,0.33992216,-0.9404536,right_shoulder,-0.055270083,-0.8714806,right_elbow,-0.21095799,-0.007984302,right_wrist,0.5520405,0.3054874,left_shoulder,0.7351144,-1.0094265,left_elbow,0.761387,-0.3871345,left_wrist,0.9415469,0.21183339,mid_hip,0.0,0.0,right_hip,-0.27879763,0.078777,right_knee,0.6702909,0.7469138,right_ankle,-0.035461344,0.9115797,left_hip,0.27879763,-0.07877727,left_knee,1.5365506,0.37280762,left_ankle,0.44161105,0.46285975,0,0,0
Fall__Fall_f_raw_c_3_C_D_0150_resized,60,C:\Users\ASUS\Downloads\3D_Human_Pose_NCKH\paper_baselines\lin2021_yolov8_lstm_gru\data\paper_skeleton_csv\Fall\Fall_Fall_f_raw_c_3_C_D_0150_resized.csv,1,Fall,nose,0.8350901,-0.78015256,neck,0.41458568,-0.9100102,right_shoulder,0.04597125,-0.8594856,right_elbow,-0.115432896,0.0066726087,right_wrist,0.6538751,0.30054018,left_shoulder,0.7832004,-0.9605348,left_elbow,0.8134645,-0.34346938,left_wrist,0.97340935,0.17960301,mid_hip,0.0,0.0,right_hip,-0.25881776,0.060965594,right_knee,0.7078666,0.6165739,right_ankle,0.00260548,0.8834604,left_hip,0.258818,-0.060965594,left_knee,1.4822444,0.34962773,left_ankle,0.44817334,0.47692576,0,0,0
Fall__Fall_f_raw_c_3_C_D_0150_resized,61,C:\Users\ASUS\Downloads\3D_Human_Pose_NCKH\paper_baselines\lin2021_yolov8_lstm_gru\data\paper_skeleton_csv\Fall\Fall_Fall_f_raw_c_3_C_D_0150_resized.csv,1,Fall,nose,0.93712276,-0.72913814,neck,0.45832738,-0.88878345,right_shoulder,0.12379267,-0.8252771,right_elbow,-0.021182045,0.03236153,right_wrist,0.67856735,0.3933587,left_shoulder,0.7928621,-0.9522899,left_elbow,0.8604037,-0.28713796,left_wrist,1.0697923,0.33050165,mid_hip,0.0,0.0,right_hip,-0.2395347,0.068438,right_knee,0.8418774,0.79908615,right_ankle,0.018524503,0.8617559,left_hip,0.2395347,-0.068438,left_knee,1.6883516,0.5144132,left_ankle,0.53043145,0.5670102,0,0,0
Fall__Fall_f_raw_c_3_C_D_0150_resized,62,C:\Users\ASUS\Downloads\3D_Human_Pose_NCKH\paper_baselines\lin2021_yolov8_lstm_gru\data\paper_skeleton_csv\Fall\Fall_Fall_f_raw_c_3_C_D_0150_resized.csv,1,Fall,nose,1.0376018,-0.76940536,neck,0.50940543,-0.8605267,right_shoulder,0.17962891,-0.795634,right_elbow,-0.04764211,0.05797402,right_wrist,0.68175805,0.44156575,left_shoulder,0.83918226,-0.9254194,left_elbow,0.80808663,-0.24915273,left_wrist,1.0421019,0.35253075,mid_hip,0.0,0.0,right_hip,-0.2356431,0.06649729,right_knee,0.8887681,0.84903103,right_ankle,0.041217938,0.90005755,left_hip,0.2356431,-0.06649729,left_knee,1.6598873,0.57675594,left_ankle,0.45244503,0.6405803,0,0,0
Fall__Fall_f_raw_c_3_C_D_0150_resized,63,C:\Users\ASUS\Downloads\3D_Human_Pose_NCKH\paper_baselines\lin2021_yolov8_lstm_gru\data\paper_skeleton_csv\Fall\Fall_Fall_f_raw_c_3_C_D_0150_resized.csv,1,Fall,nose,0.952481,-0.9451879,neck,0.47440645,-0.8803059,right_shoulder,0.12372009,-0.79315275,right_elbow,-0.19154319,0.10122921,right_wrist,0.50419515,0.38456476,left_shoulder,0.8250931,-0.9674593,left_elbow,0.7851461,-0.24404083,left_wrist,0.8372759,0.24881329,mid_hip,0.0,0.0,right_hip,-0.24060929,0.078381136,right_knee,0.8268268,0.71678525,right_ankle,0.019143317,0.91791815,left_hip,0.24060929,-0.07838085,left_knee,1.5577788,0.45455602,left_ankle,0.3683712,0.5841479,0,0,0
Fall__Fall_f_raw_c_3_C_D_0150_resized,64,C:\Users\ASUS\Downloads\3D_Human_Pose_NCKH\paper_baselines\lin2021_yolov8_lstm_gru\data\paper_skeleton_csv\Fall\Fall_Fall_f_raw_c_3_C_D_0150_resized.csv,1,Fall,nose,1.000703,-0.8236059,neck,0.47563225,-0.8796442,right_shoulder,0.19228856,-0.8292098,right_elbow,-0.08374723,0.020599447,right_wrist,0.6334945,0.33756122,left_shoulder,0.7589762,-0.9300785,left_elbow,0.77607393,-0.29689685,left_wrist,1.0593617,0.22536825,mid_hip,0.0,0.0,right_hip,-0.1938878,0.062006306,right_knee,0.89538765,0.64957917,right_ankle,0.1263464,0.7475956,left_hip,0.19388807,-0.062006306,left_knee,1.5125626,0.4431939,left_ankle,0.4281591,0.4664034,0,0,0
Fall__Fall_f_raw_c_3_C_D_0150_resized,65,C:\Users\ASUS\Downloads\3D_Human_Pose_NCKH\paper_baselines\lin2021_yolov8_lstm_gru\data\paper_skeleton_csv\Fall\Fall_Fall_f_raw_c_3_C_D_0150_resized.csv,1,Fall,nose,0.90327114,-0.8826266,neck,0.39834106,-0.91723734,right_shoulder,0.190791,-0.86915016,right_elbow,-0.06945791,-0.054679487,right_wrist,0.66878253,0.13288823,left_shoulder,0.6058914,-0.9653246,left_elbow,0.6189381,-0.37785292,left_wrist,0.96940035,0.050886754,mid_hip,0.0,0.0,right_hip,-0.13501744,0.0743106,right_knee,1.1508536,0.55834264,right_ankle,0.75895727,0.68978935,left_hip,0.13501744,-0.07431036,left_knee,1.475244,0.26027083,left_ankle,0.7450526,0.26492345,0,0,0
Fall__Fall_f_raw_c_3_C_D_0150_resized,66,C:\Users\ASUS\Downloads\3D_Human_Pose_NCKH\paper_baselines\lin2021_yolov8_lstm_gru\data\paper_skeleton_csv\Fall\Fall_Fall_f_raw_c_3_C_D_0150_resized.csv,1,Fall,nose,1.0909488,-0.83352464,neck,0.6029427,-0.7977845,right_shoulder,0.41386262,-0.757266,right_elbow,0.107740596,0.053666387,right_wrist,0.8254588,0.23754376,left_shoulder,0.792023,-0.838303,left_elbow,0.81797296,-0.2583297,left_wrist,1.1349082,0.18123639,mid_hip,0.0,0.0,right_hip,-0.123822264,0.054107208,right_knee,1.1467824,0.55370206,right_ankle,0.5722304,0.524786,left_hip,0.123822264,-0.054107208,left_knee,1.3535281,0.36818522,left_ankle,0.6348467,0.27698362,0,0,0
Fall__Fall_f_raw_c_3_C_D_0150_resized,67,C:\Users\ASUS\Downloads\3D_Human_Pose_NCKH\paper_baselines\lin2021_yolov8_lstm_gru\data\paper_skeleton_csv\Fall\Fall_Fall_f_raw_c_3_C_D_0150_resized.csv,1,Fall,nose,-0.10123883,-1.1137235,neck,-0.025266925,-0.9996807,right_shoulder,-0.34701386,-0.98004514,right_elbow,-0.51914936,-0.51344025,right_wrist,-0.700024,-0.92775124,left_shoulder,0.29647982,-1.0193163,left_elbow,0.24428673,-0.44774133,left_wrist,-0.3417189,-0.3862868,mid_hip,0.0,0.0,right_hip,-0.22004531,-0.0006242933,right_knee,-0.23593616,0.65876836,right_ankle,-0.23387225,1.2754796,left_hip,0.2200455,0.0006242933,left_knee,0.1865035,0.6720109,left_ankle,0.02854318,1.2348342,0,0,0
Fall__Fall_f_raw_c_3_C_D_0150_resized,68,C:\Users\ASUS\Downloads\3D_Human_Pose_NCKH\paper_baselines\lin2021_yolov8_lstm_gru\data\paper_skeleton_csv\Fall\Fall_Fall_f_raw_c_3_C_D_0150_resized.csv,1,Fall,nose,-0.10103166,-1.1063149,neck,-0.03783509,-0.999284,right_shoulder,-0.35628614,-0.97899055,right_elbow,-0.5158759,-0.51567596,right_wrist,-0.69400823,-0.9241624,left_shoulder,0.28061613,-1.0195774,left_elbow,0.22715925,-0.45154053,left_wrist,-0.35715556,-0.39350614,mid_hip,0.0,0.0,right_hip,-0.22212462,0.0020551616,right_knee,-0.21588828,0.69260037,right_ankle,-0.124522954,1.2348868,left_hip,0.22212462,-0.0020551616,left_knee,0.24356835,0.70916533,left_ankle,0.17581742,1.2072345,0,0,0
Fall__Fall_f_raw_c_3_C_D_0150_resized,69,C:\Users\ASUS\Downloads\3D_Human_Pose_NCKH\paper_baselines\lin2021_yolov8_lstm_gru\data\paper_skeleton_csv\Fall\Fall_Fall_f_raw_c_3_C_D_0150_resized.csv,1,Fall,nose,-0.1158344,-1.1057229,neck,-0.049040716,-0.9987968,right_shoulder,-0.36893508,-0.9813099,right_elbow,-0.52658254,-0.512554,right_wrist,-0.7081245,-0.9270862,left_shoulder,0.27085364,-1.0162838,left_elbow,0.21405917,-0.44400924,left_wrist,-0.37612993,-0.3942264,mid_hip,0.0,0.0,right_hip,-0.22441363,0.0018564087,right_knee,-0.18526234,0.6822695,right_ankle,-0.108707555,1.2904519,left_hip,0.22441383,-0.0018565003,left_knee,0.29916087,0.7086136,left_ankle,0.24896882,1.2700539,0,0,0
Fall__Fall_f_raw_c_3_C_D_0150_resized,70,C:\Users\ASUS\Downloads\3D_Human_Pose_NCKH\paper_baselines\lin2021_yolov8_lstm_gru\data\paper_skeleton_csv\Fall\Fall_Fall_f_raw_c_3_C_D_0150_resized.csv,1,Fall,nose,-0.11088297,-1.1038494,neck,-0.044903986,-0.99899125,right_shoulder,-0.35551816,-0.983251,right_elbow,-0.5019605,-0.5268344,right_wrist,-0.67863894,-0.9296947,left_shoulder,0.2657102,-1.0147315,left_elbow,0.21359734,-0.46154302,left_wrist,-0.36633384,-0.41246825,mid_hip,0.0,0.0,right_hip,-0.21616927,0.0011271873,right_knee,-0.14998284,0.65891814,right_ankle,-0.04488555,1.2074615,left_hip,0.21616945,-0.001127276,left_knee,0.28294608,0.69189376,left_ankle,0.2393582,1.2036841,0,0,0
Fall__Fall_f_raw_c_3_C_D_0150_resized,71,C:\Users\ASUS\Downloads\3D_Human_Pose_NCKH\paper_baselines\lin2021_yolov8_lstm_gru\data\paper_skeleton_csv\Fall\Fall_Fall_f_raw_c_3_C_D_0150_resized.csv,1,Fall,nose,-0.111999676,-1.1029826,neck,-0.04341778,-0.99905705,right_shoulder,-0.35310963,-0.98253304,right_elbow,-0.49932435,-0.5215309,right_wrist,-0.6736305,-0.9294997,left_shoulder,0.26627424,-1.015581,left_elbow,0.21263653,-0.46554628,left_wrist,-0.35340533,-0.41365397,mid_hip,0.0,0.0,right_hip,-0.21931925,0.0018067425,right_knee,-0.15695931,0.67732555,right_ankle,-0.06324155,1.1380072,left_hip,0.21931908,-0.0018067425,left_knee,0.3202172,0.7139787,left_ankle,0.29039168,1.1309286,0,0,0
Fall__Fall_f_raw_c_3_C_D_0150_resized,72,C:\Users\ASUS\Downloads\3D_Human_Pose_NCKH\paper_baselines\lin2021_yolov8_lstm_gru\data\paper_skeleton_csv\Fall\Fall_Fall_f_raw_c_3_C_D_0150_resized.csv,1,Fall,nose,-0.11025849,-1.1077455,neck,-0.039812997,-0.9992071,right_shoulder,-0.35395557,-0.98486924,right_elbow,-0.5246367,-0.5260409,right_wrist,-0.69626325,-0.93840915,left_shoulder,0.27432957,-1.0135449,left_elbow,0.21340248,-0.453277,left_wrist,-0.38049456,-0.40470502,mid_hip,0.0,0.0,right_hip,-0.2161034,-6.270146e-05,right_knee,-0.14464353,0.70334804,right_ankle,-0.023233544,1.2610741,left_hip,0.21610358,6.26115e-05,left_knee,0.2616333,0.7445529,left_ankle,0.22155565,1.2681544,0,0,0
Fall__Fall_f_raw_c_3_C_D_0150_resized,73,C:\Users\ASUS\Downloads\3D_Human_Pose_NCKH\paper_baselines\lin2021_yolov8_lstm_gru\data\paper_skeleton_csv\Fall\Fall_Fall_f_raw_c_3_C_D_0150_resized.csv,1,Fall,nose,-0.10502686,-1.1112198,neck,-0.03594524,-0.99935377,right_shoulder,-0.35733393,-0.98432225,right_elbow,-0.52243114,-0.51836944,right_wrist,-0.6974146,-0.9408213,left_shoulder,0.28544363,-1.0143852,left_elbow,0.22357453,-0.44433695,left_wrist,-0.36856315,-0.39731407,mid_hip,0.0,0.0,right_hip,-0.22398305,0.00032480914,right_knee,-0.17383267,0.70433193,right_ankle,-0.029826509,1.1451262,left_hip,0.22398287,-0.00032480914,left_knee,0.2850448,0.7436903,left_ankle,0.25814304,1.1529353,0,0,0
Fall__Fall_f_raw_c_3_C_D_0150_resized,74,C:\Users\ASUS\Downloads\3D_Human_Pose_NCKH\paper_baselines\lin2021_yolov8_lstm_gru\data\paper_skeleton_csv\Fall\Fall_Fall_f_raw_c_3_C_D_0150_resized.csv,1,Fall,nose,-0.102072455,-1.1150004,neck,-0.03568069,-0.99936324,right_shoulder,-0.3600888,-0.98228055,right_elbow,-0.5247289,-0.5170941,right_wrist,-0.7013532,-0.9449273,left_shoulder,0.28872743,-1.016446,left_elbow,0.23129374,-0.44264594,left_wrist,-0.36669782,-0.39082238,mid_hip,0.0,0.0,right_hip,-0.22744913,0.0026942273,right_knee,-0.18504326,0.711276,right_ankle,-0.02811653,1.0984303,left_hip,0.22744933,-0.0026942273,left_knee,0.30081138,0.7323326,left_ankle,0.29201192,1.0760164,0,0,0
Fall__Fall_f_raw_c_3_C_D_0150_resized,75,C:\Users\ASUS\Downloads\3D_Human_Pose_NCKH\paper_baselines\lin2021_yolov8_lstm_gru\data\paper_skeleton_csv\Fall\Fall_Fall_f_raw_c_3_C_D_0150_resized.csv,1,Fall,nose,-0.10458679,-1.1151565,neck,-0.03278894,-0.9994623,right_shoulder,-0.3545848,-0.9833175,right_elbow,-0.5206121,-0.5125693,right_wrist,-0.70194995,-0.9460836,left_shoulder,0.28900692,-1.0156071,left_elbow,0.22397596,-0.43783268,left_wrist,-0.37369546,-0.39749822,mid_hip,0.0,0.0,right_hip,-0.22445752,0.0019309815,right_knee,-0.16445875,0.68886286,right_ankle,-0.0025036405,1.0986112,left_hip,0.22445752,-0.0019310738,left_knee,0.29826304,0.7161704,left_ankle,0.2820983,1.0850636,0,0,0
Fall__Fall_f_raw_c_3_C_D_0150_resized,76,C:\Users\ASUS\Downloads\3D_Human_Pose_NCKH\paper_baselines\lin2021_yolov8_lstm_gru\data\paper_skeleton_csv\Fall\Fall_Fall_f_raw_c_3_C_D_0150_resized.csv,1,Fall,nose,-0.1099323,-1.1106557,neck,-0.04028661,-0.9991881,right_shoulder,-0.3587427,-0.98253936,right_elbow,-0.52147377,-0.51101536,right_wrist,-0.70528275,-0.9418301,left_shoulder,0.2781693,-1.0158368,left_elbow,0.20945492,-0.43533874,left_wrist,-0.38349628,-0.39745948,mid_hip,0.0,0.0,right_hip,-0.22217067,0.0030766712,right_knee,-0.16077231,0.68772805,right_ankle,0.013463847,1.0977312,left_hip,0.22217067,-0.0030766712,left_knee,0.29064485,0.70665574,left_ankle,0.27957198,1.07331,0,0,0
Fall__Fall_f_raw_c_3_C_D_0150_resized,77,C:\Users\ASUS\Downloads\3D_Human_Pose_NCKH\paper_baselines\lin2021_yolov8_lstm_gru\data\paper_skeleton_csv\Fall\Fall_Fall_f_raw_c_3_C_D_0150_resized.csv,1,Fall,nose,-0.100438565,-1.1250076,neck,-0.012497944,-0.99992186,right_shoulder,-0.35686538,-0.98201054,right_elbow,-0.51286924,-0.5377745,right_wrist,-0.712047,-0.94028294,left_shoulder,0.3318693,-1.0178332,left_elbow,0.27793923,-0.45244455,left_wrist,-0.34687194,-0.4073219,mid_hip,0.0,0.0,right_hip,-0.24296457,0.003271664,right_knee,-0.19630992,0.6675985,right_ankle,0.033972926,0.9746716,left_hip,0.24296457,-0.0032715723,left_knee,0.31405243,0.68342566,left_ankle,0.31459713,0.93802196,0,0,0
Fall__Fall_f_raw_c_3_C_D_0150_resized,78,C:\Users\ASUS\Downloads\3D_Human_Pose_NCKH\paper_baselines\lin2021_yolov8_lstm_gru\data\paper_skeleton_csv\Fall\Fall_Fall_f_raw_c_3_C_D_0150_resized.csv,1,Fall,nose,-0.109262004,-1.1214252,neck,-0.036032144,-0.99935067,right_shoulder,-0.36129647,-0.9807557,right_elbow,-0.53158516,-0.52105266,right_wrist,-0.7201627,-0.95219314,left_shoulder,0.28923237,-1.0179456,left_elbow,0.2256878,-0.436056,left_wrist,-0.37984428,-0.38413578,mid_hip,0.0,0.0,right_hip,-0.22356395,0.004675297,right_knee,-0.16102213,0.67357856,right_ankle,0.05183796,1.0926319,left_hip,0.22356395,-0.004675297,left_knee,0.27434865,0.6740853,left_ankle,0.26775098,1.0452154,0,0,0
Fall__Fall_f_raw_c_3_C_D_0150_resized,79,C:\Users\ASUS\Downloads\3D_Human_Pose_NCKH\paper_baselines\lin2021_yolov8_lstm_gru\data\paper_skeleton_csv\Fall\Fall_Fall_f_raw_c_3_C_D_0150_resized.csv,1,Fall,nose,-0.09835517,-1.1320344,neck,-0.0028302965,-0.99999595,right_shoulder,-0.36049625,-0.9685164,right_elbow,-0.52919,-0.5387654,right_wrist,-0.77342683,-0.95917356,left_shoulder,0.35483566,-1.0314754,left_elbow,0.27011386,-0.44985664,left_wrist,-0.3602345,-0.39145413,mid_hip,0.0,0.0,right_hip,-0.2461723,0.008687403,right_knee,-0.17538407,0.6440686,right_ankle,0.11297147,1.0562435,left_hip,0.2461721,-0.008687403,left_knee,0.3147263,0.6325301,left_ankle,0.30780983,1.0582294,0,0,0
Fall__Fall_f_raw_c_3_C_D_0150_resized,80,C:\Users\ASUS\Downloads\3D_Human_Pose_NCKH\paper_baselines\lin2021_yolov8_lstm_gru\data\paper_skeleton_csv\Fall\Fall_Fall_f_raw_c_3_C_D_0150_resized.csv,1,Fall,nose,-0.10984033,-1.1239719,neck,-0.03863802,-0.9992533,right_shoulder,-0.35867286,-0.983577,right_elbow,-0.53367823,-0.5195752,right_wrist,-0.7306164,-0.95372134,left_shoulder,0.28139684,-1.0149295,left_elbow,0.20755619,-0.43149945,left_wrist,-0.38888353,-0.38456994,mid_hip,0.0,0.0,right_hip,-0.21903837,0.0020743674,right_knee,-0.16398089,0.60436153,right_ankle,0.05398483,1.0275891,left_hip,0.21903837,-0.0020743674,left_knee,0.25196558,0.6219214,left_ankle,0.24929385,1.0071799,0,0,0
Fall__Fall_f_raw_c_3_C_D_0150_resized,81,C:\Users\ASUS\Downloads\3D_Human_Pose_NCKH\paper_baselines\lin2021_yolov8_lstm_gru\data\paper_skeleton_csv\Fall\Fall_Fall_f_raw_c_3_C_D_0150_resized.csv,1,Fall,nose,-0.094247386,-1.1271589,neck,-0.008922827,-0.9999602,right_shoulder,-0.36351284,-0.9684761,right_elbow,-0.52397186,-0.536597,right_wrist,-0.77669156,-0.96622604,left_shoulder,0.3456672,-1.0314441,left_elbow,0.258895,-0.44941065,left_wrist,-0.35611904,-0.40022844,mid_hip,0.0,0.0,right_hip,-0.24429817,0.009119909,right_knee,-0.16180767,0.63593256,right_ankle,0.12647603,1.0286567,left_hip,0.24429817,-0.009119909,left_knee,0.32045478,0.62631404,left_ankle,0.30220258,1.0373577,0,0,0
Fall__Fall_f_raw_c_3_C_D_0150_resized,82,C:\Users\ASUS\Downloads\3D_Human_Pose_NCKH\paper_baselines\lin2021_yolov8_lstm_gru\data\paper_skeleton_csv\Fall\Fall_Fall_f_raw_c_3_C_D_0150_resized.csv,1,Fall,nose,-0.09078102,-1.1284086,neck,-0.010139342,-0.99994856,right_shoulder,-0.3570076,-0.97100997,right_elbow,-0.51916677,-0.5399329,right_wrist,-0.77089053,-0.96343404,left_shoulder,0.3367289,-1.0288873,left_elbow,0.25692973,-0.4514381,left_wrist,-0.35352412,-0.40284795,mid_hip,0.0,0.0,right_hip,-0.23803234,0.0074213534,right_knee,-0.15584207,0.62164646,right_ankle,0.1368456,1.0004315,left_hip,0.23803234,-0.0074212584,left_knee,0.2941656,0.6238498,left_ankle,0.29290023,1.0251551,0,0,0
Fall__Fall_f_raw_c_3_C_D_0150_resized,83,C:\Users\ASUS\Downloads\3D_Human_Pose_NCKH\paper_baselines\lin2021_yolov8_lstm_gru\data\paper_skeleton_csv\Fall\Fall_Fall_f_raw_c_3_C_D_0150_resized.csv,1,Fall,nose,-0.10291184,-1.1241312,neck,-0.036337018,-0.9993396,right_shoulder,-0.3580427,-0.9850112,right_elbow,-0.5306707,-0.523922,right_wrist,-0.72950035,-0.96003485,left_shoulder,0.28536883,-1.013668,left_elbow,0.21762201,-0.43316886,left_wrist,-0.3769302,-0.39613953,mid_hip,0.0,0.0,right_hip,-0.21950963,0.0018026518,right_knee,-0.13753551,0.6019338,right_ankle,0.07768321,1.0052834,left_hip,0.21950963,-0.0018026518,left_knee,0.2695679,0.62307656,left_ankle,0.25726563,0.9912405,0,0,0
Fall__Fall_f_raw_c_3_C_D_0150_resized,84,C:\Users\ASUS\Downloads\3D_Human_Pose_NCKH\paper_baselines\lin2021_yolov8_lstm_gru\data\paper_skeleton_csv\Fall\Fall_Fall_f_raw_c_3_C_D_0150_resized.csv,1,Fall,nose,-0.10135931,-1.1393639,neck,0.0078515,-0.9999692,right_shoulder,-0.35341576,-0.96597457,right_elbow,-0.5336386,-0.52759874,right_wrist,-0.7911639,-0.969508,left_shoulder,0.36911875,-1.0339638,left_elbow,0.26412782,-0.45065364,left_wrist,-0.36688346,-0.4000017,mid_hip,0.0,0.0,right_hip,-0.24887905,0.007991719,right_knee,-0.16734263,0.6260183,right_ankle,0.10809277,1.0310167,left_hip,0.24887925,-0.007991818,left_knee,0.32954773,0.62735355,left_ankle,0.3128275,1.0586036,0,0,0
Fall__Fall_f_raw_c_3_C_D_0150_resized,85,C:\Users\ASUS\Downloads\3D_Human_Pose_NCKH\paper_baselines\lin2021_yolov8_lstm_gru\data\paper_skeleton_csv\Fall\Fall_Fall_f_raw_c_3_C_D_0150_resized.csv,1,Fall,nose,-0.092582084,-1.1317766,neck,0.0037940105,-0.9999928,right_shoulder,-0.35491928,-0.9661804,right_elbow,-0.5262822,-0.518414,right_wrist,-0.78962505,-0.9682951,left_shoulder,0.36250713,-1.0338053,left_elbow,0.25171694,-0.44655257,left_wrist,-0.36456093,-0.39776376,mid_hip,0.0,0.0,right_hip,-0.24748233,0.008251424,right_knee,-0.16644907,0.6228887,right_ankle,0.10212352,1.0153526,left_hip,0.24748214,-0.008251424,left_knee,0.3263845,0.6251137,left_ankle,0.3045521,1.0383419,0,0,0
Fall__Fall_f_raw_c_3_C_D_0150_resized,86,C:\Users\ASUS\Downloads\3D_Human_Pose_NCKH\paper_baselines\lin2021_yolov8_lstm_gru\data\paper_skeleton_csv\Fall\Fall_Fall_f_raw_c_3_C_D_0150_resized.csv,1,Fall,nose,-0.087603845,-1.1314217,neck,0.0009533942,-0.9999995,right_shoulder,-0.35536027,-0.9661244,right_elbow,-0.52526486,-0.518939,right_wrist,-0.78648245,-0.9634817,left_shoulder,0.35726687,-1.0338746,left_elbow,0.24318679,-0.4443517,left_wrist,-0.37103125,-0.40192038,mid_hip,0.0,0.0,right_hip,-0.24607117,0.008821898,right_knee,-0.167554,0.6357136,right_ankle,0.11486561,1.0129703,left_hip,0.24607098,-0.008821898,left_knee,0.32442433,0.63405037,left_ankle,0.2996413,1.0426756,0,0,0
Fall__Fall_f_raw_c_3_C_D_0150_resized,87,C:\Users\ASUS\Downloads\3D_Human_Pose_NCKH\paper_baselines\lin2021_yolov8_lstm_gru\data\paper_skeleton_csv\Fall\Fall_Fall_f_raw_c_3_C_D_0150_resized.csv,1,Fall,nose,-0.096922345,-1.1308863,neck,-0.0012039302,-0.9999992,right_shoulder,-0.36010832,-0.96833056,right_elbow,-0.5157744,-0.5239979,right_wrist,-0.7748663,-0.9585413,left_shoulder,0.35770026,-1.031668,left_elbow,0.26154536,-0.44711757,left_wrist,-0.3597438,-0.4071369,mid_hip,0.0,0.0,right_hip,-0.24756296,0.0071249534,right_knee,-0.16870284,0.61934924,right_ankle,0.12115895,0.98220354,left_hip,0.24756296,-0.0071249534,left_knee,0.32052466,0.6257584,left_ankle,0.30174443,1.0149466,0,0,0
Fall__Fall_f_raw_c_3_C_D_0150_resized,88,C:\Users\ASUS\Downloads\3D_Human_Pose_NCKH\paper_baselines\lin2021_yolov8_lstm_gru\data\paper_skeleton_csv\Fall\Fall_Fall_f_raw_c_3_C_D_0150_resized.csv,1,Fall,nose,-0.08661331,-1.1141678,neck,-0.0038814053,-0.99999243,right_shoulder,-0.3393607,-0.97818923,right_elbow,-0.50358397,-0.520434,right_wrist,-0.7146808,-0.93392414,left_shoulder,0.33159772,-1.0217956,left_elbow,0.25853926,-0.42948824,left_wrist,-0.33796626,-0.3966726,mid_hip,0.0,0.0,right_hip,-0.22888115,0.0020705052,right_knee,-0.13500684,0.58584553,right_ankle,0.10148737,0.95308405,left_hip,0.22888134,-0.0020705997,left_knee,0.31910455,0.6198281,left_ankle,0.2892526,0.96975,0,0,0
Fall__Fall_f_raw_c_3_C_D_0150_resized,89,C:\Users\ASUS\Downloads\3D_Human_Pose_NCKH\paper_baselines\lin2021_yolov8_lstm_gru\data\paper_skeleton_csv\Fall\Fall_Fall_f_raw_c_3_C_D_0150_resized.csv,1,Fall,nose,-0.12019588,-1.1238801,neck,-0.03826237,-0.99926776,right_shoulder,-0.36891556,-0.98437595,right_elbow,-0.5380851,-0.5081948,right_wrist,-0.75634366,-0.9534488,left_shoulder,0.29239082,-1.0141597,left_elbow,0.22393602,-0.42891398,left_wrist,-0.3754045,-0.37841257,mid_hip,0.0,0.0,right_hip,-0.22522192,-4.0117488e-05,right_knee,-0.14785247,0.575895,right_ankle,0.074269034,1.0082089,left_hip,0.22522192,4.0117488e-05,left_knee,0.27834892,0.6194737,left_ankle,0.26050103,1.0197406,0,0,0
