video_id,frame_idx,source_file,label,label_name,joint_0_name,joint_0_x,joint_0_y,joint_1_name,joint_1_x,joint_1_y,joint_2_name,joint_2_x,joint_2_y,joint_3_name,joint_3_x,joint_3_y,joint_4_name,joint_4_x,joint_4_y,joint_5_name,joint_5_x,joint_5_y,joint_6_name,joint_6_x,joint_6_y,joint_7_name,joint_7_x,joint_7_y,joint_8_name,joint_8_x,joint_8_y,joint_9_name,joint_9_x,joint_9_y,joint_10_name,joint_10_x,joint_10_y,joint_11_name,joint_11_x,joint_11_y,joint_12_name,joint_12_x,joint_12_y,joint_13_name,joint_13_x,joint_13_y,joint_14_name,joint_14_x,joint_14_y,num_missing_joints_before_interpolation,all_joints_missing_before_interpolation,num_zero_joints_after_interpolation
Fall__Fall_f_raw_s_3_S_N_477_resized,0,C:\Users\ASUS\Downloads\3D_Human_Pose_NCKH\paper_baselines\lin2021_yolov8_lstm_gru\data\paper_skeleton_csv\Fall\Fall_Fall_f_raw_s_3_S_N_477_resized.csv,1,Fall,nose,-0.44008887,-1.3852329,neck,-0.10216497,-0.9947675,right_shoulder,-0.39694422,-0.9837542,right_elbow,-0.35400072,-0.4592069,right_wrist,-0.44603735,-0.0752567,left_shoulder,0.19261414,-1.0057807,left_elbow,0.4291101,-0.41916764,left_wrist,0.26286358,0.073915,mid_hip,0.0,0.0,right_hip,-0.19257143,0.00046559703,right_knee,0.039032046,0.50939804,right_ankle,0.32052758,0.98290944,left_hip,0.19257143,-0.00046559703,left_knee,0.40011168,0.5687427,left_ankle,0.59204984,1.0441688,0,0,0
Fall__Fall_f_raw_s_3_S_N_477_resized,1,C:\Users\ASUS\Downloads\3D_Human_Pose_NCKH\paper_baselines\lin2021_yolov8_lstm_gru\data\paper_skeleton_csv\Fall\Fall_Fall_f_raw_s_3_S_N_477_resized.csv,1,Fall,nose,-0.4186762,-1.3873847,neck,-0.07567007,-0.99713296,right_shoulder,-0.3691141,-0.98770326,right_elbow,-0.31890768,-0.45951226,right_wrist,-0.42344105,-0.07750553,left_shoulder,0.21777412,-1.0065626,left_elbow,0.4745788,-0.41658765,left_wrist,0.2873143,0.07363481,mid_hip,0.0,0.0,right_hip,-0.19141379,-0.0017406481,right_knee,0.046195466,0.49780914,right_ankle,0.34338236,0.9637036,left_hip,0.19141379,0.0017406481,left_knee,0.3991371,0.56480455,left_ankle,0.6249673,1.0297387,0,0,0
Fall__Fall_f_raw_s_3_S_N_477_resized,2,C:\Users\ASUS\Downloads\3D_Human_Pose_NCKH\paper_baselines\lin2021_yolov8_lstm_gru\data\paper_skeleton_csv\Fall\Fall_Fall_f_raw_s_3_S_N_477_resized.csv,1,Fall,nose,-0.41434968,-1.3874974,neck,-0.07494935,-0.9971873,right_shoulder,-0.36764026,-0.9884221,right_elbow,-0.31605905,-0.46102712,right_wrist,-0.41700158,-0.083906725,left_shoulder,0.21774173,-1.0059526,left_elbow,0.4756699,-0.4146892,left_wrist,0.29223907,0.07499333,mid_hip,0.0,0.0,right_hip,-0.19113538,-0.0015376692,right_knee,0.041107606,0.5009634,right_ankle,0.3503428,0.9627295,left_hip,0.19113521,0.0015378279,left_knee,0.39613992,0.5650038,left_ankle,0.63819206,1.0237159,0,0,0
Fall__Fall_f_raw_s_3_S_N_477_resized,3,C:\Users\ASUS\Downloads\3D_Human_Pose_NCKH\paper_baselines\lin2021_yolov8_lstm_gru\data\paper_skeleton_csv\Fall\Fall_Fall_f_raw_s_3_S_N_477_resized.csv,1,Fall,nose,-0.40626046,-1.3868672,neck,-0.06974062,-0.99756515,right_shoulder,-0.36451322,-0.9889852,right_elbow,-0.31388813,-0.46250102,right_wrist,-0.41195783,-0.08763474,left_shoulder,0.22503182,-1.0061452,left_elbow,0.48455703,-0.41669777,left_wrist,0.29906842,0.07081965,mid_hip,0.0,0.0,right_hip,-0.1932402,-0.0018439421,right_knee,0.03814149,0.49771628,right_ankle,0.34913123,0.95760727,left_hip,0.19324003,0.0018441007,left_knee,0.4017593,0.5645474,left_ankle,0.6457232,1.0218425,0,0,0
Fall__Fall_f_raw_s_3_S_N_477_resized,4,C:\Users\ASUS\Downloads\3D_Human_Pose_NCKH\paper_baselines\lin2021_yolov8_lstm_gru\data\paper_skeleton_csv\Fall\Fall_Fall_f_raw_s_3_S_N_477_resized.csv,1,Fall,nose,-0.3993024,-1.3895715,neck,-0.06405868,-0.9979461,right_shoulder,-0.3596918,-0.98854697,right_elbow,-0.31206256,-0.45991966,right_wrist,-0.4070118,-0.08815845,left_shoulder,0.23157446,-1.0073452,left_elbow,0.4994313,-0.41799882,left_wrist,0.30632812,0.070242025,mid_hip,0.0,0.0,right_hip,-0.19350499,-0.0016098254,right_knee,0.042021126,0.5004247,right_ankle,0.35932273,0.9566679,left_hip,0.19350483,0.0016098254,left_knee,0.398102,0.5665751,left_ankle,0.6551904,1.0229347,0,0,0
Fall__Fall_f_raw_s_3_S_N_477_resized,5,C:\Users\ASUS\Downloads\3D_Human_Pose_NCKH\paper_baselines\lin2021_yolov8_lstm_gru\data\paper_skeleton_csv\Fall\Fall_Fall_f_raw_s_3_S_N_477_resized.csv,1,Fall,nose,-0.389924,-1.3895539,neck,-0.0566673,-0.9983931,right_shoulder,-0.35110176,-0.9904256,right_elbow,-0.30516043,-0.45583922,right_wrist,-0.39983374,-0.08433961,left_shoulder,0.237767,-1.0063607,left_elbow,0.51059735,-0.412059,left_wrist,0.3189074,0.073614255,mid_hip,0.0,0.0,right_hip,-0.19213422,-0.0022595834,right_knee,0.04440149,0.5002888,right_ankle,0.37020004,0.95831215,left_hip,0.19213422,0.0022594244,left_knee,0.3858806,0.567557,left_ankle,0.66010195,1.0223641,0,0,0
Fall__Fall_f_raw_s_3_S_N_477_resized,6,C:\Users\ASUS\Downloads\3D_Human_Pose_NCKH\paper_baselines\lin2021_yolov8_lstm_gru\data\paper_skeleton_csv\Fall\Fall_Fall_f_raw_s_3_S_N_477_resized.csv,1,Fall,nose,-0.3941415,-1.413224,neck,-0.046625756,-0.9989124,right_shoulder,-0.34769398,-1.0066844,right_elbow,-0.3019687,-0.42940322,right_wrist,-0.39566267,-0.056282982,left_shoulder,0.25444248,-0.99114037,left_elbow,0.5192676,-0.39598984,left_wrist,0.3217715,0.087134965,mid_hip,0.0,0.0,right_hip,-0.20408356,-0.0075968658,right_knee,0.032176267,0.5134153,right_ankle,0.3505762,0.98277223,left_hip,0.20408356,0.0075968658,left_knee,0.3667279,0.6034681,left_ankle,0.6778803,1.0565935,0,0,0
Fall__Fall_f_raw_s_3_S_N_477_resized,7,C:\Users\ASUS\Downloads\3D_Human_Pose_NCKH\paper_baselines\lin2021_yolov8_lstm_gru\data\paper_skeleton_csv\Fall\Fall_Fall_f_raw_s_3_S_N_477_resized.csv,1,Fall,nose,-0.36347994,-1.39427,neck,-0.031447753,-0.99950534,right_shoulder,-0.32719097,-0.9896392,right_elbow,-0.28377685,-0.45256925,right_wrist,-0.37975374,-0.08495345,left_shoulder,0.26429528,-1.0093715,left_elbow,0.5390383,-0.41336876,left_wrist,0.34242746,0.07220308,mid_hip,0.0,0.0,right_hip,-0.19273093,-0.00308583,right_knee,0.011474821,0.53208154,right_ankle,0.40933633,0.9515485,left_hip,0.19273093,0.0030859902,left_knee,0.3453203,0.59875023,left_ankle,0.6811864,1.0339078,0,0,0
Fall__Fall_f_raw_s_3_S_N_477_resized,8,C:\Users\ASUS\Downloads\3D_Human_Pose_NCKH\paper_baselines\lin2021_yolov8_lstm_gru\data\paper_skeleton_csv\Fall\Fall_Fall_f_raw_s_3_S_N_477_resized.csv,1,Fall,nose,-0.33776018,-1.3775308,neck,-0.007061885,-0.9999751,right_shoulder,-0.31037673,-0.98620915,right_elbow,-0.28393945,-0.44375128,right_wrist,-0.3669026,-0.07970403,left_shoulder,0.29625311,-1.013741,left_elbow,0.583205,-0.40519276,left_wrist,0.34985054,0.07906705,mid_hip,0.0,0.0,right_hip,-0.18888627,-0.00040969127,right_knee,0.026434544,0.574211,right_ankle,0.43323508,0.99525344,left_hip,0.18888627,0.00040969127,left_knee,0.3437531,0.61602104,left_ankle,0.6995684,1.0553185,0,0,0
Fall__Fall_f_raw_s_3_S_N_477_resized,9,C:\Users\ASUS\Downloads\3D_Human_Pose_NCKH\paper_baselines\lin2021_yolov8_lstm_gru\data\paper_skeleton_csv\Fall\Fall_Fall_f_raw_s_3_S_N_477_resized.csv,1,Fall,nose,-0.34435686,-1.3757569,neck,-0.013002657,-0.9999155,right_shoulder,-0.3178346,-0.9868297,right_elbow,-0.29834858,-0.45343974,right_wrist,-0.37980595,-0.100215174,left_shoulder,0.2918291,-1.0130011,left_elbow,0.58151436,-0.41194475,left_wrist,0.33662787,0.065754436,mid_hip,0.0,0.0,right_hip,-0.1908306,-0.0016417715,right_knee,-0.029078724,0.58461493,right_ankle,0.3932009,0.9759905,left_hip,0.1908306,0.0016417715,left_knee,0.30375713,0.6273234,left_ankle,0.687609,1.0341489,0,0,0
Fall__Fall_f_raw_s_3_S_N_477_resized,10,C:\Users\ASUS\Downloads\3D_Human_Pose_NCKH\paper_baselines\lin2021_yolov8_lstm_gru\data\paper_skeleton_csv\Fall\Fall_Fall_f_raw_s_3_S_N_477_resized.csv,1,Fall,nose,-0.34418014,-1.3598974,neck,-0.011344275,-0.9999356,right_shoulder,-0.3160455,-0.9900889,right_elbow,-0.2981562,-0.46634743,right_wrist,-0.37599468,-0.109581634,left_shoulder,0.29335693,-1.0097824,left_elbow,0.5760034,-0.41454694,left_wrist,0.33801106,0.06581231,mid_hip,0.0,0.0,right_hip,-0.19246547,-0.0017539968,right_knee,-0.043668024,0.5952524,right_ankle,0.3774282,0.99109375,left_hip,0.19246563,0.0017539968,left_knee,0.29763314,0.62713736,left_ankle,0.68371236,1.0120499,0,0,0
Fall__Fall_f_raw_s_3_S_N_477_resized,11,C:\Users\ASUS\Downloads\3D_Human_Pose_NCKH\paper_baselines\lin2021_yolov8_lstm_gru\data\paper_skeleton_csv\Fall\Fall_Fall_f_raw_s_3_S_N_477_resized.csv,1,Fall,nose,-0.34173152,-1.3590966,neck,-0.010172534,-0.99994826,right_shoulder,-0.31779322,-0.9918891,right_elbow,-0.29748383,-0.47083727,right_wrist,-0.37566543,-0.111019544,left_shoulder,0.297448,-1.0080074,left_elbow,0.5826289,-0.41012084,left_wrist,0.3402341,0.06485279,mid_hip,0.0,0.0,right_hip,-0.19581391,-0.0033747621,right_knee,-0.060554318,0.5967364,right_ankle,0.36625993,0.98077154,left_hip,0.19581375,0.0033746029,left_knee,0.3011148,0.63749737,left_ankle,0.68620247,1.0148809,0,0,0
Fall__Fall_f_raw_s_3_S_N_477_resized,12,C:\Users\ASUS\Downloads\3D_Human_Pose_NCKH\paper_baselines\lin2021_yolov8_lstm_gru\data\paper_skeleton_csv\Fall\Fall_Fall_f_raw_s_3_S_N_477_resized.csv,1,Fall,nose,-0.34007743,-1.3624669,neck,0.0059662033,-0.99998224,right_shoulder,-0.3111618,-0.99135864,right_elbow,-0.2786821,-0.47303241,right_wrist,-0.36519423,-0.098766364,left_shoulder,0.32309434,-1.0086058,left_elbow,0.62189496,-0.41189855,left_wrist,0.35333273,0.067849584,mid_hip,0.0,0.0,right_hip,-0.20288146,-0.004699271,right_knee,-0.08141176,0.6009751,right_ankle,0.377135,0.9773819,left_hip,0.20288162,0.004699271,left_knee,0.2973321,0.6424503,left_ankle,0.69602746,1.0148163,0,0,0
Fall__Fall_f_raw_s_3_S_N_477_resized,13,C:\Users\ASUS\Downloads\3D_Human_Pose_NCKH\paper_baselines\lin2021_yolov8_lstm_gru\data\paper_skeleton_csv\Fall\Fall_Fall_f_raw_s_3_S_N_477_resized.csv,1,Fall,nose,-0.33700523,-1.3664733,neck,0.010640778,-0.9999434,right_shoulder,-0.30622792,-0.9915117,right_elbow,-0.27301598,-0.4683442,right_wrist,-0.36095202,-0.1000541,left_shoulder,0.32750934,-1.008375,left_elbow,0.6365003,-0.40729508,left_wrist,0.37472132,0.064254686,mid_hip,0.0,0.0,right_hip,-0.20567507,-0.0060995314,right_knee,-0.11469088,0.59678346,right_ankle,0.32551086,0.94027793,left_hip,0.20567507,0.0060995314,left_knee,0.30379248,0.6467743,left_ankle,0.71079063,0.99744797,0,0,0
Fall__Fall_f_raw_s_3_S_N_477_resized,14,C:\Users\ASUS\Downloads\3D_Human_Pose_NCKH\paper_baselines\lin2021_yolov8_lstm_gru\data\paper_skeleton_csv\Fall\Fall_Fall_f_raw_s_3_S_N_477_resized.csv,1,Fall,nose,-0.32556587,-1.3486859,neck,0.0237682,-0.99971753,right_shoulder,-0.29200557,-0.99248844,right_elbow,-0.25795743,-0.47547317,right_wrist,-0.3696124,-0.10622396,left_shoulder,0.33954197,-1.0069467,left_elbow,0.6506108,-0.3948502,left_wrist,0.38915387,0.07597348,mid_hip,0.0,0.0,right_hip,-0.20672247,-0.008135753,right_knee,-0.14959796,0.59515023,right_ankle,0.29498944,0.91317374,left_hip,0.20672247,0.008135753,left_knee,0.305953,0.645309,left_ankle,0.71442,0.9756295,0,0,0
Fall__Fall_f_raw_s_3_S_N_477_resized,15,C:\Users\ASUS\Downloads\3D_Human_Pose_NCKH\paper_baselines\lin2021_yolov8_lstm_gru\data\paper_skeleton_csv\Fall\Fall_Fall_f_raw_s_3_S_N_477_resized.csv,1,Fall,nose,-0.32254198,-1.3524715,neck,0.022981618,-0.99973595,right_shoulder,-0.3038167,-0.9915242,right_elbow,-0.27805498,-0.48611265,right_wrist,-0.38084933,-0.12114257,left_shoulder,0.34977993,-1.0079478,left_elbow,0.6657301,-0.39580047,left_wrist,0.41004264,0.082750075,mid_hip,0.0,0.0,right_hip,-0.21430664,-0.007058406,right_knee,-0.17225543,0.62122893,right_ankle,0.31103808,0.92878884,left_hip,0.21430664,0.0070585688,left_knee,0.29544926,0.65996265,left_ankle,0.7186752,0.9922961,0,0,0
Fall__Fall_f_raw_s_3_S_N_477_resized,16,C:\Users\ASUS\Downloads\3D_Human_Pose_NCKH\paper_baselines\lin2021_yolov8_lstm_gru\data\paper_skeleton_csv\Fall\Fall_Fall_f_raw_s_3_S_N_477_resized.csv,1,Fall,nose,-0.3191462,-1.3541859,neck,0.023610475,-0.9997213,right_shoulder,-0.29847723,-0.98173153,right_elbow,-0.27916577,-0.4812113,right_wrist,-0.38756308,-0.09078588,left_shoulder,0.3456982,-1.0177109,left_elbow,0.66786313,-0.40961337,left_wrist,0.41996902,0.07628257,mid_hip,0.0,0.0,right_hip,-0.20801875,-0.003738639,right_knee,-0.18257666,0.60432774,right_ankle,0.34687486,0.8901462,left_hip,0.20801891,0.0037384753,left_knee,0.2660965,0.6244353,left_ankle,0.7385926,0.96843034,0,0,0
Fall__Fall_f_raw_s_3_S_N_477_resized,17,C:\Users\ASUS\Downloads\3D_Human_Pose_NCKH\paper_baselines\lin2021_yolov8_lstm_gru\data\paper_skeleton_csv\Fall\Fall_Fall_f_raw_s_3_S_N_477_resized.csv,1,Fall,nose,-0.3271755,-1.3435638,neck,0.02614233,-0.99965817,right_shoulder,-0.29709163,-0.98410904,right_elbow,-0.27697682,-0.48533726,right_wrist,-0.3917072,-0.064022444,left_shoulder,0.3493761,-1.0152073,left_elbow,0.6805346,-0.41034862,left_wrist,0.43483087,0.081491604,mid_hip,0.0,0.0,right_hip,-0.2093998,-0.004887634,right_knee,-0.20009354,0.6179376,right_ankle,0.35398972,0.89167535,left_hip,0.2093998,0.004887469,left_knee,0.2487868,0.6357594,left_ankle,0.74675775,0.9527765,0,0,0
Fall__Fall_f_raw_s_3_S_N_477_resized,18,C:\Users\ASUS\Downloads\3D_Human_Pose_NCKH\paper_baselines\lin2021_yolov8_lstm_gru\data\paper_skeleton_csv\Fall\Fall_Fall_f_raw_s_3_S_N_477_resized.csv,1,Fall,nose,-0.3282412,-1.3472954,neck,0.027679237,-0.9996168,right_shoulder,-0.30837807,-0.988437,right_elbow,-0.28279954,-0.48011944,right_wrist,-0.39734742,-0.052429926,left_shoulder,0.36373654,-1.0107965,left_elbow,0.70331585,-0.40286094,left_wrist,0.45221624,0.091219485,mid_hip,0.0,0.0,right_hip,-0.21765055,-0.010678486,right_knee,-0.27276412,0.57668865,right_ankle,0.33484957,0.84744585,left_hip,0.21765071,0.010678653,left_knee,0.21869563,0.6335076,left_ankle,0.74704826,0.9526643,0,0,0
Fall__Fall_f_raw_s_3_S_N_477_resized,19,C:\Users\ASUS\Downloads\3D_Human_Pose_NCKH\paper_baselines\lin2021_yolov8_lstm_gru\data\paper_skeleton_csv\Fall\Fall_Fall_f_raw_s_3_S_N_477_resized.csv,1,Fall,nose,-0.31954986,-1.3426467,neck,0.04151175,-0.99913806,right_shoulder,-0.29480237,-0.98913026,right_elbow,-0.2830705,-0.4917115,right_wrist,-0.39543548,-0.051306657,left_shoulder,0.3778259,-1.009146,left_elbow,0.7280531,-0.40181586,left_wrist,0.48004067,0.08868715,mid_hip,0.0,0.0,right_hip,-0.21683024,-0.011649706,right_knee,-0.2687304,0.5830676,right_ankle,0.33613673,0.82653546,left_hip,0.21683024,0.011649874,left_knee,0.22067228,0.6355883,left_ankle,0.74173295,0.93725675,0,0,0
Fall__Fall_f_raw_s_3_S_N_477_resized,20,C:\Users\ASUS\Downloads\3D_Human_Pose_NCKH\paper_baselines\lin2021_yolov8_lstm_gru\data\paper_skeleton_csv\Fall\Fall_Fall_f_raw_s_3_S_N_477_resized.csv,1,Fall,nose,-0.3075592,-1.3399092,neck,0.044876862,-0.9989925,right_shoulder,-0.30045328,-0.9876096,right_elbow,-0.30032682,-0.48022503,right_wrist,-0.40627694,-0.03181352,left_shoulder,0.39020717,-1.0103754,left_elbow,0.75274146,-0.41066113,left_wrist,0.5107825,0.10829892,mid_hip,0.0,0.0,right_hip,-0.22273748,-0.0137404995,right_knee,-0.30158323,0.57999605,right_ankle,0.36386922,0.7790189,left_hip,0.22273731,0.01374067,left_knee,0.20634036,0.6628905,left_ankle,0.76905787,0.9461016,0,0,0
Fall__Fall_f_raw_s_3_S_N_477_resized,21,C:\Users\ASUS\Downloads\3D_Human_Pose_NCKH\paper_baselines\lin2021_yolov8_lstm_gru\data\paper_skeleton_csv\Fall\Fall_Fall_f_raw_s_3_S_N_477_resized.csv,1,Fall,nose,-0.31101787,-1.3419306,neck,0.050344966,-0.9987319,right_shoulder,-0.29833916,-0.9933664,right_elbow,-0.30520564,-0.49251223,right_wrist,-0.41338873,-0.03993234,left_shoulder,0.39902925,-1.0040975,left_elbow,0.7673468,-0.4045536,left_wrist,0.53189135,0.1307815,mid_hip,0.0,0.0,right_hip,-0.22497702,-0.019361896,right_knee,-0.333623,0.5792267,right_ankle,0.35377708,0.724119,left_hip,0.22497702,0.019361896,left_knee,0.19368775,0.7001095,left_ankle,0.7718797,0.9429152,0,0,0
Fall__Fall_f_raw_s_3_S_N_477_resized,22,C:\Users\ASUS\Downloads\3D_Human_Pose_NCKH\paper_baselines\lin2021_yolov8_lstm_gru\data\paper_skeleton_csv\Fall\Fall_Fall_f_raw_s_3_S_N_477_resized.csv,1,Fall,nose,-0.3038436,-1.3372142,neck,0.07387478,-0.99726754,right_shoulder,-0.27848583,-1.0011381,right_elbow,-0.30363056,-0.508652,right_wrist,-0.42532992,-0.039791193,left_shoulder,0.4262356,-0.99339694,left_elbow,0.8054772,-0.4038439,left_wrist,0.5641837,0.12710707,mid_hip,0.0,0.0,right_hip,-0.2268574,-0.025457878,right_knee,-0.35864693,0.5730261,right_ankle,0.34122577,0.6566349,left_hip,0.22685757,0.025457878,left_knee,0.18495518,0.71791685,left_ankle,0.7857259,0.87825036,0,0,0
Fall__Fall_f_raw_s_3_S_N_477_resized,23,C:\Users\ASUS\Downloads\3D_Human_Pose_NCKH\paper_baselines\lin2021_yolov8_lstm_gru\data\paper_skeleton_csv\Fall\Fall_Fall_f_raw_s_3_S_N_477_resized.csv,1,Fall,nose,-0.30155018,-1.3473251,neck,0.06925128,-0.99759924,right_shoulder,-0.27862734,-0.99918735,right_elbow,-0.30626693,-0.48815435,right_wrist,-0.44938964,-0.016889915,left_shoulder,0.41712973,-0.9960111,left_elbow,0.8229946,-0.4048614,left_wrist,0.5883181,0.14415269,mid_hip,0.0,0.0,right_hip,-0.22478613,-0.025631,right_knee,-0.39005142,0.6011039,right_ankle,0.30561438,0.6757991,left_hip,0.22478613,0.025631178,left_knee,0.13102916,0.7559426,left_ankle,0.8138793,0.92213035,0,0,0
Fall__Fall_f_raw_s_3_S_N_477_resized,24,C:\Users\ASUS\Downloads\3D_Human_Pose_NCKH\paper_baselines\lin2021_yolov8_lstm_gru\data\paper_skeleton_csv\Fall\Fall_Fall_f_raw_s_3_S_N_477_resized.csv,1,Fall,nose,-0.30082214,-1.336826,neck,0.07799688,-0.99695367,right_shoulder,-0.26702526,-0.9991665,right_elbow,-0.31578884,-0.4905464,right_wrist,-0.46357453,-0.020978484,left_shoulder,0.42301902,-0.99474084,left_elbow,0.8155683,-0.40116975,left_wrist,0.58445513,0.1468531,mid_hip,0.0,0.0,right_hip,-0.2236881,-0.025862915,right_knee,-0.42481726,0.6085842,right_ankle,0.29211956,0.6570518,left_hip,0.2236881,0.025862738,left_knee,0.104591236,0.7505067,left_ankle,0.80808836,0.8886457,0,0,0
Fall__Fall_f_raw_s_3_S_N_477_resized,25,C:\Users\ASUS\Downloads\3D_Human_Pose_NCKH\paper_baselines\lin2021_yolov8_lstm_gru\data\paper_skeleton_csv\Fall\Fall_Fall_f_raw_s_3_S_N_477_resized.csv,1,Fall,nose,-0.32441074,-1.337642,neck,0.06357641,-0.997977,right_shoulder,-0.3065933,-1.0007834,right_elbow,-0.34631664,-0.47037497,right_wrist,-0.49097368,-0.019193813,left_shoulder,0.4337461,-0.99517053,left_elbow,0.82313937,-0.38482872,left_wrist,0.5773611,0.1821336,mid_hip,0.0,0.0,right_hip,-0.24054177,-0.02481452,right_knee,-0.49586648,0.5939606,right_ankle,0.24234188,0.63431287,left_hip,0.24054159,0.02481452,left_knee,0.10537984,0.7389516,left_ankle,0.8032316,0.8663694,0,0,0
Fall__Fall_f_raw_s_3_S_N_477_resized,26,C:\Users\ASUS\Downloads\3D_Human_Pose_NCKH\paper_baselines\lin2021_yolov8_lstm_gru\data\paper_skeleton_csv\Fall\Fall_Fall_f_raw_s_3_S_N_477_resized.csv,1,Fall,nose,-0.29527742,-1.3543719,neck,0.10047109,-0.9949399,right_shoulder,-0.2718655,-0.99999434,right_elbow,-0.3393032,-0.47878495,right_wrist,-0.49535728,-0.0003593948,left_shoulder,0.47280765,-0.98988545,left_elbow,0.8513175,-0.3910693,left_wrist,0.6371022,0.1907922,mid_hip,0.0,0.0,right_hip,-0.24099445,-0.026291586,right_knee,-0.50409615,0.62891346,right_ankle,0.23674047,0.5755716,left_hip,0.24099426,0.026291586,left_knee,0.1554583,0.77417725,left_ankle,0.8753112,0.8177151,0,0,0
Fall__Fall_f_raw_s_3_S_N_477_resized,27,C:\Users\ASUS\Downloads\3D_Human_Pose_NCKH\paper_baselines\lin2021_yolov8_lstm_gru\data\paper_skeleton_csv\Fall\Fall_Fall_f_raw_s_3_S_N_477_resized.csv,1,Fall,nose,-0.33247155,-1.3695034,neck,0.07446872,-0.9972233,right_shoulder,-0.28409663,-1.0024644,right_elbow,-0.33768296,-0.48249072,right_wrist,-0.51360583,-0.021299526,left_shoulder,0.43303424,-0.9919822,left_elbow,0.80625236,-0.39620975,left_wrist,0.61114305,0.16661711,mid_hip,0.0,0.0,right_hip,-0.23377061,-0.02575963,right_knee,-0.54171425,0.63549924,right_ankle,0.16647801,0.58926433,left_hip,0.23377079,0.025759818,left_knee,0.108717985,0.7758253,left_ankle,0.85033,0.80321693,0,0,0
Fall__Fall_f_raw_s_3_S_N_477_resized,28,C:\Users\ASUS\Downloads\3D_Human_Pose_NCKH\paper_baselines\lin2021_yolov8_lstm_gru\data\paper_skeleton_csv\Fall\Fall_Fall_f_raw_s_3_S_N_477_resized.csv,1,Fall,nose,-0.3192252,-1.3699089,neck,0.079606235,-0.9968264,right_shoulder,-0.28380284,-0.999143,right_elbow,-0.31392178,-0.46324673,right_wrist,-0.5122592,-0.001795111,left_shoulder,0.4430153,-0.99450994,left_elbow,0.87989557,-0.40043902,left_wrist,0.64600205,0.1840975,mid_hip,0.0,0.0,right_hip,-0.23799667,-0.027126398,right_knee,-0.578753,0.6290666,right_ankle,0.19736788,0.554261,left_hip,0.23799667,0.027126398,left_knee,0.097582355,0.78724605,left_ankle,0.90405023,0.7890599,0,0,0
Fall__Fall_f_raw_s_3_S_N_477_resized,29,C:\Users\ASUS\Downloads\3D_Human_Pose_NCKH\paper_baselines\lin2021_yolov8_lstm_gru\data\paper_skeleton_csv\Fall\Fall_Fall_f_raw_s_3_S_N_477_resized.csv,1,Fall,nose,-0.35012886,-1.3553859,neck,0.0668786,-0.99776113,right_shoulder,-0.29378134,-1.0088468,right_elbow,-0.32886425,-0.4666257,right_wrist,-0.5445506,0.0026806043,left_shoulder,0.42753857,-0.98667556,left_elbow,0.8475894,-0.34347472,left_wrist,0.6180898,0.2192043,mid_hip,0.0,0.0,right_hip,-0.23729216,-0.029501602,right_knee,-0.61324185,0.652527,right_ankle,0.18206502,0.56056607,left_hip,0.23729233,0.029501602,left_knee,0.025877936,0.7909986,left_ankle,0.8610754,0.75351495,0,0,0
Fall__Fall_f_raw_s_3_S_N_477_resized,30,C:\Users\ASUS\Downloads\3D_Human_Pose_NCKH\paper_baselines\lin2021_yolov8_lstm_gru\data\paper_skeleton_csv\Fall\Fall_Fall_f_raw_s_3_S_N_477_resized.csv,1,Fall,nose,-0.357134,-1.3438756,neck,0.067671545,-0.9977076,right_shoulder,-0.29710016,-1.0136057,right_elbow,-0.3096643,-0.48193982,right_wrist,-0.54234445,-0.00022881912,left_shoulder,0.43244323,-0.98180956,left_elbow,0.84123623,-0.35817492,left_wrist,0.6494018,0.19846924,mid_hip,0.0,0.0,right_hip,-0.24213663,-0.03347392,right_knee,-0.6489483,0.62825215,right_ankle,0.19543965,0.44046256,left_hip,0.2421368,0.03347392,left_knee,0.006107038,0.7940153,left_ankle,0.8721971,0.64691424,0,0,0
Fall__Fall_f_raw_s_3_S_N_477_resized,31,C:\Users\ASUS\Downloads\3D_Human_Pose_NCKH\paper_baselines\lin2021_yolov8_lstm_gru\data\paper_skeleton_csv\Fall\Fall_Fall_f_raw_s_3_S_N_477_resized.csv,1,Fall,nose,-0.3661932,-1.3228748,neck,0.05421823,-0.9985291,right_shoulder,-0.2918356,-1.008353,right_elbow,-0.3024792,-0.47592688,right_wrist,-0.5411075,-0.007029069,left_shoulder,0.40027204,-0.9887053,left_elbow,0.8271914,-0.38825005,left_wrist,0.64260507,0.17049274,mid_hip,0.0,0.0,right_hip,-0.23226061,-0.031034611,right_knee,-0.6785439,0.58828974,right_ankle,0.18618733,0.41539264,left_hip,0.23226061,0.031034427,left_knee,-0.03993843,0.74761295,left_ankle,0.87872666,0.58424115,0,0,0
Fall__Fall_f_raw_s_3_S_N_477_resized,32,C:\Users\ASUS\Downloads\3D_Human_Pose_NCKH\paper_baselines\lin2021_yolov8_lstm_gru\data\paper_skeleton_csv\Fall\Fall_Fall_f_raw_s_3_S_N_477_resized.csv,1,Fall,nose,-0.3731191,-1.3045201,neck,0.037233382,-0.9993066,right_shoulder,-0.29270947,-1.0049187,right_elbow,-0.26650155,-0.474616,right_wrist,-0.5313584,0.006164825,left_shoulder,0.36717606,-0.9936945,left_elbow,0.84912616,-0.3919909,left_wrist,0.6710526,0.18526286,mid_hip,0.0,0.0,right_hip,-0.2230148,-0.030625349,right_knee,-0.6900979,0.57395774,right_ankle,0.18905427,0.38148826,left_hip,0.223015,0.030625165,left_knee,-0.0701659,0.7387914,left_ankle,0.8793523,0.56586266,0,0,0
Fall__Fall_f_raw_s_3_S_N_477_resized,33,C:\Users\ASUS\Downloads\3D_Human_Pose_NCKH\paper_baselines\lin2021_yolov8_lstm_gru\data\paper_skeleton_csv\Fall\Fall_Fall_f_raw_s_3_S_N_477_resized.csv,1,Fall,nose,-0.3504201,-1.319697,neck,0.0657296,-0.9978375,right_shoulder,-0.2682972,-0.99226785,right_elbow,-0.21486512,-0.48913807,right_wrist,-0.5263208,-0.036565606,left_shoulder,0.39975622,-1.0034074,left_elbow,0.87520707,-0.40354025,left_wrist,0.7063087,0.15366088,mid_hip,0.0,0.0,right_hip,-0.22788349,-0.030794295,right_knee,-0.69799924,0.6043965,right_ankle,0.23718856,0.33450407,left_hip,0.2278833,0.03079448,left_knee,-0.08121473,0.748522,left_ankle,0.83161914,0.56430405,0,0,0
Fall__Fall_f_raw_s_3_S_N_477_resized,34,C:\Users\ASUS\Downloads\3D_Human_Pose_NCKH\paper_baselines\lin2021_yolov8_lstm_gru\data\paper_skeleton_csv\Fall\Fall_Fall_f_raw_s_3_S_N_477_resized.csv,1,Fall,nose,-0.35682333,-1.292052,neck,0.0651461,-0.9978758,right_shoulder,-0.2554036,-0.98834383,right_elbow,-0.15398575,-0.4699704,right_wrist,-0.49846357,-0.047071006,left_shoulder,0.38569602,-1.0074078,left_elbow,0.88539124,-0.4286153,left_wrist,0.71603036,0.12737831,mid_hip,0.0,0.0,right_hip,-0.21636422,-0.029139787,right_knee,-0.68940693,0.53590626,right_ankle,0.1718539,0.26361328,left_hip,0.21636422,0.02913997,left_knee,-0.087321736,0.6948284,left_ankle,0.71489125,0.46239474,0,0,0
Fall__Fall_f_raw_s_3_S_N_477_resized,35,C:\Users\ASUS\Downloads\3D_Human_Pose_NCKH\paper_baselines\lin2021_yolov8_lstm_gru\data\paper_skeleton_csv\Fall\Fall_Fall_f_raw_s_3_S_N_477_resized.csv,1,Fall,nose,-0.38378036,-1.3111805,neck,0.041266408,-0.99914813,right_shoulder,-0.26407117,-0.9850346,right_elbow,-0.13653795,-0.46046138,right_wrist,-0.53336513,-0.08071541,left_shoulder,0.34660378,-1.0132619,left_elbow,0.90039426,-0.44296148,left_wrist,0.7027993,0.14112435,mid_hip,0.0,0.0,right_hip,-0.21336304,-0.03090081,right_knee,-0.69407946,0.5842468,right_ankle,0.15121728,0.27483672,left_hip,0.21336304,0.03090081,left_knee,-0.08460817,0.76467353,left_ankle,0.8198132,0.49289447,0,0,0
Fall__Fall_f_raw_s_3_S_N_477_resized,36,C:\Users\ASUS\Downloads\3D_Human_Pose_NCKH\paper_baselines\lin2021_yolov8_lstm_gru\data\paper_skeleton_csv\Fall\Fall_Fall_f_raw_s_3_S_N_477_resized.csv,1,Fall,nose,-0.40358803,-1.2821543,neck,0.03716952,-0.999309,right_shoulder,-0.2572464,-0.9866782,right_elbow,-0.14381664,-0.45002693,right_wrist,-0.5229114,-0.12596926,left_shoulder,0.33158562,-1.0119399,left_elbow,0.8965778,-0.45495802,left_wrist,0.6511223,0.11853704,mid_hip,0.0,0.0,right_hip,-0.20337585,-0.03042827,right_knee,-0.696198,0.5623516,right_ankle,0.17844765,0.32235748,left_hip,0.20337585,0.030428452,left_knee,-0.09691255,0.73165715,left_ankle,0.7968979,0.45511302,0,0,0
Fall__Fall_f_raw_s_3_S_N_477_resized,37,C:\Users\ASUS\Downloads\3D_Human_Pose_NCKH\paper_baselines\lin2021_yolov8_lstm_gru\data\paper_skeleton_csv\Fall\Fall_Fall_f_raw_s_3_S_N_477_resized.csv,1,Fall,nose,-0.40656212,-1.2526656,neck,0.037891038,-0.9992819,right_shoulder,-0.26092678,-0.9809228,right_elbow,-0.06431923,-0.44534424,right_wrist,-0.38830402,-0.17996919,left_shoulder,0.33670887,-1.017641,left_elbow,0.9164122,-0.45224187,left_wrist,0.63197035,0.09018797,mid_hip,0.0,0.0,right_hip,-0.20742242,-0.024450993,right_knee,-0.63256073,0.5357763,right_ankle,0.20454836,0.23906401,left_hip,0.2074226,0.024450814,left_knee,0.028565742,0.69659996,left_ankle,0.8395481,0.35426793,0,0,0
Fall__Fall_f_raw_s_3_S_N_477_resized,38,C:\Users\ASUS\Downloads\3D_Human_Pose_NCKH\paper_baselines\lin2021_yolov8_lstm_gru\data\paper_skeleton_csv\Fall\Fall_Fall_f_raw_s_3_S_N_477_resized.csv,1,Fall,nose,-0.4164059,-1.2296965,neck,0.018664552,-0.9998258,right_shoulder,-0.26790822,-0.9841044,right_elbow,-0.0568562,-0.48589358,right_wrist,-0.3642045,-0.16086216,left_shoulder,0.3052373,-1.015547,left_elbow,0.9187067,-0.48234403,left_wrist,0.58104837,0.042875066,mid_hip,0.0,0.0,right_hip,-0.20046178,-0.025177443,right_knee,-0.611283,0.50998086,right_ankle,0.22283296,0.23807085,left_hip,0.2004616,0.02517727,left_knee,0.03286689,0.66565293,left_ankle,0.8375005,0.34214854,0,0,0
Fall__Fall_f_raw_s_3_S_N_477_resized,39,C:\Users\ASUS\Downloads\3D_Human_Pose_NCKH\paper_baselines\lin2021_yolov8_lstm_gru\data\paper_skeleton_csv\Fall\Fall_Fall_f_raw_s_3_S_N_477_resized.csv,1,Fall,nose,-0.4491136,-1.2307893,neck,-0.016602341,-0.9998622,right_shoulder,-0.3829742,-1.0806953,right_elbow,-0.47098315,-1.2337646,right_wrist,-0.50435674,-1.3513203,left_shoulder,0.34976953,-0.9190292,left_elbow,0.9221939,-0.45910352,left_wrist,0.5858003,0.06226181,mid_hip,0.0,0.0,right_hip,-0.24647063,-0.047419306,right_knee,-0.58197665,0.5405518,right_ankle,0.11481632,0.26593998,left_hip,0.24647063,0.047419127,left_knee,0.094534844,0.6709921,left_ankle,0.8788272,0.38285273,0,0,0
Fall__Fall_f_raw_s_3_S_N_477_resized,40,C:\Users\ASUS\Downloads\3D_Human_Pose_NCKH\paper_baselines\lin2021_yolov8_lstm_gru\data\paper_skeleton_csv\Fall\Fall_Fall_f_raw_s_3_S_N_477_resized.csv,1,Fall,nose,-0.51545674,-1.29329,neck,-0.03263558,-0.9994673,right_shoulder,-0.359512,-1.0280368,right_elbow,0.017192539,-0.71995866,right_wrist,-0.13009626,-0.22923833,left_shoulder,0.29424074,-0.9708978,left_elbow,0.95440775,-0.46779355,left_wrist,0.53988785,-0.018712122,mid_hip,0.0,0.0,right_hip,-0.2404113,-0.041231323,right_knee,-0.61303455,0.50539404,right_ankle,0.20780323,0.21060367,left_hip,0.2404113,0.041231498,left_knee,0.14763959,0.6894574,left_ankle,0.9249465,0.33550912,0,0,0
Fall__Fall_f_raw_s_3_S_N_477_resized,41,C:\Users\ASUS\Downloads\3D_Human_Pose_NCKH\paper_baselines\lin2021_yolov8_lstm_gru\data\paper_skeleton_csv\Fall\Fall_Fall_f_raw_s_3_S_N_477_resized.csv,1,Fall,nose,-0.62062883,-1.3373449,neck,-0.09758216,-0.99522746,right_shoulder,-0.44363225,-1.0020936,right_elbow,-0.14386262,-0.57619256,right_wrist,-0.30569494,-0.10921215,left_shoulder,0.24846812,-0.9883612,left_elbow,0.8992859,-0.4578766,left_wrist,0.41903403,0.0027658835,mid_hip,0.0,0.0,right_hip,-0.24551935,-0.034712266,right_knee,-0.64737684,0.4738675,right_ankle,0.27047765,0.1895517,left_hip,0.24551953,0.034712087,left_knee,0.09722458,0.6639916,left_ankle,0.84574187,0.32984567,0,0,0
Fall__Fall_f_raw_s_3_S_N_477_resized,42,C:\Users\ASUS\Downloads\3D_Human_Pose_NCKH\paper_baselines\lin2021_yolov8_lstm_gru\data\paper_skeleton_csv\Fall\Fall_Fall_f_raw_s_3_S_N_477_resized.csv,1,Fall,nose,-0.66158307,-1.3375214,neck,-0.13320877,-0.99108803,right_shoulder,-0.47390112,-1.0023978,right_elbow,-0.13290302,-0.55190986,right_wrist,-0.2929294,-0.09251343,left_shoulder,0.20748375,-0.97977835,left_elbow,0.82733816,-0.38886738,left_wrist,0.34142527,0.074658945,mid_hip,0.0,0.0,right_hip,-0.24615586,-0.03552965,right_knee,-0.69220763,0.45632738,right_ankle,0.31316903,0.12038034,left_hip,0.24615586,0.03552965,left_knee,0.055864733,0.6407242,left_ankle,0.8592792,0.26357368,0,0,0
Fall__Fall_f_raw_s_3_S_N_477_resized,43,C:\Users\ASUS\Downloads\3D_Human_Pose_NCKH\paper_baselines\lin2021_yolov8_lstm_gru\data\paper_skeleton_csv\Fall\Fall_Fall_f_raw_s_3_S_N_477_resized.csv,1,Fall,nose,-0.77109504,-1.3279124,neck,-0.22521637,-0.97430885,right_shoulder,-0.597013,-1.0097641,right_elbow,-0.24712543,-0.55449605,right_wrist,-0.3132356,-0.051104017,left_shoulder,0.14658022,-0.93885374,left_elbow,0.7260447,-0.286027,left_wrist,0.26855105,0.23082681,mid_hip,0.0,0.0,right_hip,-0.2711932,-0.04334118,right_knee,-0.80661166,0.48332748,right_ankle,0.25731826,0.17248374,left_hip,0.2711934,0.043340992,left_knee,0.007927019,0.69357413,left_ankle,0.83300024,0.31386483,0,0,0
Fall__Fall_f_raw_s_3_S_N_477_resized,44,C:\Users\ASUS\Downloads\3D_Human_Pose_NCKH\paper_baselines\lin2021_yolov8_lstm_gru\data\paper_skeleton_csv\Fall\Fall_Fall_f_raw_s_3_S_N_477_resized.csv,1,Fall,nose,-0.9289778,-1.3205248,neck,-0.34119278,-0.9399933,right_shoulder,-0.7406912,-0.96246564,right_elbow,-0.32974786,-0.47067454,right_wrist,-0.3469715,0.048423834,left_shoulder,0.05830538,-0.9175209,left_elbow,0.5268212,-0.24347842,left_wrist,0.23068528,0.34328976,mid_hip,0.0,0.0,right_hip,-0.30207565,-0.033988487,right_knee,-0.92778665,0.5333366,right_ankle,0.23597486,0.1538124,left_hip,0.30207548,0.033988487,left_knee,0.020163814,0.7294176,left_ankle,0.7945783,0.3272519,0,0,0
Fall__Fall_f_raw_s_3_S_N_477_resized,45,C:\Users\ASUS\Downloads\3D_Human_Pose_NCKH\paper_baselines\lin2021_yolov8_lstm_gru\data\paper_skeleton_csv\Fall\Fall_Fall_f_raw_s_3_S_N_477_resized.csv,1,Fall,nose,-1.0184515,-1.2709955,neck,-0.40748116,-0.9132136,right_shoulder,-0.8084484,-0.93851435,right_elbow,-0.4147458,-0.4625221,right_wrist,-0.39506823,0.07087447,left_shoulder,-0.006513932,-0.8879127,left_elbow,0.31815055,-0.18516284,left_wrist,0.20762993,0.44088754,mid_hip,0.0,0.0,right_hip,-0.30912432,-0.030334672,right_knee,-0.98088866,0.56996566,right_ankle,0.25318918,0.16995136,left_hip,0.30912432,0.030334475,left_knee,0.019723894,0.74967027,left_ankle,0.78380483,0.37939298,0,0,0
Fall__Fall_f_raw_s_3_S_N_477_resized,46,C:\Users\ASUS\Downloads\3D_Human_Pose_NCKH\paper_baselines\lin2021_yolov8_lstm_gru\data\paper_skeleton_csv\Fall\Fall_Fall_f_raw_s_3_S_N_477_resized.csv,1,Fall,nose,-0.28523302,-1.3065896,neck,0.094289236,-0.99554485,right_shoulder,-0.38922837,-0.937937,right_elbow,-0.5740422,-0.37443158,right_wrist,-0.4889909,-0.48884737,left_shoulder,0.57780683,-1.0531527,left_elbow,0.7424333,-0.44224223,left_wrist,0.022254499,-0.53453785,mid_hip,0.0,0.0,right_hip,-0.28233343,-0.0059135673,right_knee,-0.5534707,0.709573,right_ankle,-0.61595327,1.3219792,left_hip,0.2823339,0.0059135673,left_knee,-0.16444628,0.5959305,left_ankle,-0.81795293,1.1460363,0,0,0
Fall__Fall_f_raw_s_3_S_N_477_resized,47,C:\Users\ASUS\Downloads\3D_Human_Pose_NCKH\paper_baselines\lin2021_yolov8_lstm_gru\data\paper_skeleton_csv\Fall\Fall_Fall_f_raw_s_3_S_N_477_resized.csv,1,Fall,nose,-0.26760033,-1.3082815,neck,0.09812179,-0.99517435,right_shoulder,-0.37967387,-0.93818796,right_elbow,-0.56720495,-0.38100263,right_wrist,-0.48782903,-0.4832132,left_shoulder,0.5759179,-1.0521606,left_elbow,0.74559826,-0.45107874,left_wrist,0.04017365,-0.53617007,mid_hip,0.0,0.0,right_hip,-0.27834776,-0.005308787,right_knee,-0.53710234,0.70035917,right_ankle,-0.58720464,1.301652,left_hip,0.27834776,0.005308787,left_knee,-0.15494937,0.58514553,left_ankle,-0.7977587,1.1245539,0,0,0
Fall__Fall_f_raw_s_3_S_N_477_resized,48,C:\Users\ASUS\Downloads\3D_Human_Pose_NCKH\paper_baselines\lin2021_yolov8_lstm_gru\data\paper_skeleton_csv\Fall\Fall_Fall_f_raw_s_3_S_N_477_resized.csv,1,Fall,nose,-1.2471187,-1.1013446,neck,-0.55995,-0.82852644,right_shoulder,-0.9284753,-0.824742,right_elbow,-0.58180773,-0.33845502,right_wrist,-0.6815225,0.121542946,left_shoulder,-0.19142453,-0.8323109,left_elbow,0.12009172,-0.13394427,left_wrist,-0.0066314,0.45575565,mid_hip,0.0,0.0,right_hip,-0.28772992,-0.018223496,right_knee,-1.0322165,0.5687717,right_ankle,0.18331915,0.23253572,left_hip,0.28772992,0.0182237,left_knee,-0.092790216,0.70574427,left_ankle,0.7055396,0.42035854,0,0,0
Fall__Fall_f_raw_s_3_S_N_477_resized,49,C:\Users\ASUS\Downloads\3D_Human_Pose_NCKH\paper_baselines\lin2021_yolov8_lstm_gru\data\paper_skeleton_csv\Fall\Fall_Fall_f_raw_s_3_S_N_477_resized.csv,1,Fall,nose,-1.2993958,-1.039877,neck,-0.5854235,-0.81072766,right_shoulder,-0.9615583,-0.84078586,right_elbow,-0.8334376,-0.47131255,right_wrist,-0.91309476,-0.014479468,left_shoulder,-0.20928872,-0.7806695,left_elbow,0.15819575,-0.15355976,left_wrist,-0.03248031,0.49363908,mid_hip,0.0,0.0,right_hip,-0.2866305,-0.03262145,right_knee,-0.99901897,0.5832205,right_ankle,0.055395532,0.2169214,left_hip,0.28663072,0.032621656,left_knee,-0.17399499,0.7453698,left_ankle,0.7251461,0.4341879,0,0,0
Fall__Fall_f_raw_s_3_S_N_477_resized,50,C:\Users\ASUS\Downloads\3D_Human_Pose_NCKH\paper_baselines\lin2021_yolov8_lstm_gru\data\paper_skeleton_csv\Fall\Fall_Fall_f_raw_s_3_S_N_477_resized.csv,1,Fall,nose,-1.2957139,-0.9767322,neck,-0.60080904,-0.7993926,right_shoulder,-0.9828946,-0.8132725,right_elbow,-0.8602665,-0.46336293,right_wrist,-1.0579281,-0.0056147547,left_shoulder,-0.2187236,-0.78551275,left_elbow,0.24285927,-0.12437731,left_wrist,0.00460077,0.48975942,mid_hip,0.0,0.0,right_hip,-0.28042305,-0.029729148,right_knee,-0.954466,0.6076951,right_ankle,0.15925868,0.2698653,left_hip,0.28042305,0.029728942,left_knee,-0.1315089,0.79775107,left_ankle,0.7656869,0.45124495,0,0,0
Fall__Fall_f_raw_s_3_S_N_477_resized,51,C:\Users\ASUS\Downloads\3D_Human_Pose_NCKH\paper_baselines\lin2021_yolov8_lstm_gru\data\paper_skeleton_csv\Fall\Fall_Fall_f_raw_s_3_S_N_477_resized.csv,1,Fall,nose,-1.343148,-0.9289922,neck,-0.61758614,-0.7865032,right_shoulder,-1.004611,-0.7866047,right_elbow,-0.9346897,-0.38735592,right_wrist,-1.2579333,0.08736972,left_shoulder,-0.23056144,-0.7864017,left_elbow,0.2621782,-0.09893438,left_wrist,-0.029160233,0.49327338,mid_hip,0.0,0.0,right_hip,-0.28033054,-0.025312128,right_knee,-0.9542685,0.63158077,right_ankle,0.18614914,0.27505016,left_hip,0.28033033,0.025312128,left_knee,-0.13426836,0.79313296,left_ankle,0.72157,0.44868392,0,0,0
Fall__Fall_f_raw_s_3_S_N_477_resized,52,C:\Users\ASUS\Downloads\3D_Human_Pose_NCKH\paper_baselines\lin2021_yolov8_lstm_gru\data\paper_skeleton_csv\Fall\Fall_Fall_f_raw_s_3_S_N_477_resized.csv,1,Fall,nose,-1.3025845,-0.8950001,neck,-0.6023275,-0.7982491,right_shoulder,-0.9826134,-0.78972214,right_elbow,-0.9636811,-0.3601248,right_wrist,-1.3882076,0.11861455,left_shoulder,-0.22204162,-0.8067763,left_elbow,0.30483967,-0.123092666,left_wrist,-0.013582845,0.45493075,mid_hip,0.0,0.0,right_hip,-0.27090397,-0.023652405,right_knee,-0.92048603,0.61184865,right_ankle,0.1752556,0.24926811,left_hip,0.27090397,0.023652203,left_knee,-0.12651464,0.77438945,left_ankle,0.7145511,0.41935387,0,0,0
Fall__Fall_f_raw_s_3_S_N_477_resized,53,C:\Users\ASUS\Downloads\3D_Human_Pose_NCKH\paper_baselines\lin2021_yolov8_lstm_gru\data\paper_skeleton_csv\Fall\Fall_Fall_f_raw_s_3_S_N_477_resized.csv,1,Fall,nose,-1.3155141,-0.840337,neck,-0.6273859,-0.7787086,right_shoulder,-0.99906313,-0.7674734,right_elbow,-1.0621434,-0.297353,right_wrist,-1.5064048,0.1542614,left_shoulder,-0.25570866,-0.7899435,left_elbow,0.26353002,-0.12939449,left_wrist,-0.059545517,0.438777,mid_hip,0.0,0.0,right_hip,-0.2571875,-0.016678562,right_knee,-0.8476639,0.6266933,right_ankle,0.118596725,0.34525585,left_hip,0.2571875,0.016678758,left_knee,-0.1299588,0.7629125,left_ankle,0.6642147,0.45232552,0,0,0
Fall__Fall_f_raw_s_3_S_N_477_resized,54,C:\Users\ASUS\Downloads\3D_Human_Pose_NCKH\paper_baselines\lin2021_yolov8_lstm_gru\data\paper_skeleton_csv\Fall\Fall_Fall_f_raw_s_3_S_N_477_resized.csv,1,Fall,nose,-1.342642,-0.8052774,neck,-0.65588903,-0.7548573,right_shoulder,-1.0492395,-0.7402132,right_elbow,-1.1589607,-0.24903421,right_wrist,-1.622832,0.22037867,left_shoulder,-0.26253843,-0.76950157,left_elbow,0.28505358,-0.07765078,left_wrist,-0.05872561,0.46255806,mid_hip,0.0,0.0,right_hip,-0.26524225,-0.01838018,right_knee,-0.8789529,0.60077286,right_ankle,0.038134765,0.33497387,left_hip,0.26524225,0.01838018,left_knee,-0.106960475,0.76148325,left_ankle,0.6424381,0.44212976,0,0,0
Fall__Fall_f_raw_s_3_S_N_477_resized,55,C:\Users\ASUS\Downloads\3D_Human_Pose_NCKH\paper_baselines\lin2021_yolov8_lstm_gru\data\paper_skeleton_csv\Fall\Fall_Fall_f_raw_s_3_S_N_477_resized.csv,1,Fall,nose,-1.3344964,-0.7930009,neck,-0.665587,-0.74632025,right_shoulder,-1.0597904,-0.73244864,right_elbow,-1.2076931,-0.24561536,right_wrist,-1.6761047,0.24546929,left_shoulder,-0.27138367,-0.76019204,left_elbow,0.29107612,-0.08593009,left_wrist,-0.031082805,0.4644745,mid_hip,0.0,0.0,right_hip,-0.2643128,-0.017658327,right_knee,-0.85388273,0.6150546,right_ankle,0.04000903,0.30979306,left_hip,0.2643128,0.017658524,left_knee,-0.073147826,0.78883356,left_ankle,0.70580465,0.447345,0,0,0
Fall__Fall_f_raw_s_3_S_N_477_resized,56,C:\Users\ASUS\Downloads\3D_Human_Pose_NCKH\paper_baselines\lin2021_yolov8_lstm_gru\data\paper_skeleton_csv\Fall\Fall_Fall_f_raw_s_3_S_N_477_resized.csv,1,Fall,nose,-1.3625243,-0.7561147,neck,-0.6976632,-0.71642584,right_shoulder,-1.0966814,-0.70448744,right_elbow,-1.2348288,-0.23203686,right_wrist,-1.6732075,0.27199203,left_shoulder,-0.29864505,-0.72836417,left_elbow,0.28019026,-0.08525423,left_wrist,-0.01118755,0.47725785,mid_hip,0.0,0.0,right_hip,-0.26796344,-0.016682576,right_knee,-0.82088995,0.63335884,right_ankle,0.023973376,0.32820907,left_hip,0.26796323,0.016682576,left_knee,-0.06869728,0.816456,left_ankle,0.65921175,0.4706209,0,0,0
Fall__Fall_f_raw_s_3_S_N_477_resized,57,C:\Users\ASUS\Downloads\3D_Human_Pose_NCKH\paper_baselines\lin2021_yolov8_lstm_gru\data\paper_skeleton_csv\Fall\Fall_Fall_f_raw_s_3_S_N_477_resized.csv,1,Fall,nose,-1.3338941,-0.7128239,neck,-0.70464724,-0.7095578,right_shoulder,-1.1039933,-0.69083184,right_elbow,-1.2688841,-0.20505875,right_wrist,-1.6603483,0.33091125,left_shoulder,-0.30530116,-0.7282835,left_elbow,0.26894805,-0.08773248,left_wrist,0.006169078,0.4780908,mid_hip,0.0,0.0,right_hip,-0.26541913,-0.010223899,right_knee,-0.7817787,0.6550222,right_ankle,0.025701657,0.34858614,left_hip,0.2654193,0.010223899,left_knee,-0.049695373,0.8065972,left_ankle,0.63256603,0.48644271,0,0,0
Fall__Fall_f_raw_s_3_S_N_477_resized,58,C:\Users\ASUS\Downloads\3D_Human_Pose_NCKH\paper_baselines\lin2021_yolov8_lstm_gru\data\paper_skeleton_csv\Fall\Fall_Fall_f_raw_s_3_S_N_477_resized.csv,1,Fall,nose,-1.3169158,-0.66240203,neck,-0.728511,-0.6850341,right_shoulder,-1.1245465,-0.66980547,right_elbow,-1.256278,-0.20006138,right_wrist,-1.5774127,0.3374327,left_shoulder,-0.33247536,-0.7002629,left_elbow,0.23841079,-0.076692276,left_wrist,0.033134602,0.49561456,mid_hip,0.0,0.0,right_hip,-0.26518363,-0.0074262423,right_knee,-0.7515252,0.67426246,right_ankle,0.03389185,0.36268875,left_hip,0.2651838,0.0074262423,left_knee,-0.026180202,0.8273725,left_ankle,0.68835884,0.49104083,0,0,0
Fall__Fall_f_raw_s_3_S_N_477_resized,59,C:\Users\ASUS\Downloads\3D_Human_Pose_NCKH\paper_baselines\lin2021_yolov8_lstm_gru\data\paper_skeleton_csv\Fall\Fall_Fall_f_raw_s_3_S_N_477_resized.csv,1,Fall,nose,-1.355945,-0.68443286,neck,-0.7396871,-0.672951,right_shoulder,-1.1177527,-0.67164457,right_elbow,-1.2201829,-0.2431608,right_wrist,-1.4415078,0.2724366,left_shoulder,-0.36162153,-0.6742574,left_elbow,0.18977755,-0.11217905,left_wrist,0.04005925,0.4752465,mid_hip,0.0,0.0,right_hip,-0.26203132,-0.0064116246,right_knee,-0.733735,0.65692335,right_ankle,0.05717062,0.36489442,left_hip,0.26203153,0.0064116246,left_knee,-0.019013463,0.8002788,left_ankle,0.7307827,0.47464222,0,0,0
Fall__Fall_f_raw_s_3_S_N_477_resized,60,C:\Users\ASUS\Downloads\3D_Human_Pose_NCKH\paper_baselines\lin2021_yolov8_lstm_gru\data\paper_skeleton_csv\Fall\Fall_Fall_f_raw_s_3_S_N_477_resized.csv,1,Fall,nose,-1.3084975,-0.65391237,neck,-0.7648592,-0.64419746,right_shoulder,-1.1300182,-0.64778376,right_elbow,-1.1886204,-0.22069904,right_wrist,-1.3178077,0.25635907,left_shoulder,-0.39970016,-0.6406114,left_elbow,0.18141037,-0.107662715,left_wrist,0.06544604,0.4852148,mid_hip,0.0,0.0,right_hip,-0.2628334,-0.006161171,right_knee,-0.7548665,0.63215077,right_ankle,0.03687262,0.2861908,left_hip,0.2628334,0.006161357,left_knee,0.034240454,0.80634236,left_ankle,0.8019355,0.40471295,0,0,0
Fall__Fall_f_raw_s_3_S_N_477_resized,61,C:\Users\ASUS\Downloads\3D_Human_Pose_NCKH\paper_baselines\lin2021_yolov8_lstm_gru\data\paper_skeleton_csv\Fall\Fall_Fall_f_raw_s_3_S_N_477_resized.csv,1,Fall,nose,-1.3515606,-0.55988604,neck,-0.816884,-0.57680196,right_shoulder,-1.1539909,-0.5670743,right_elbow,-1.1460978,-0.15245245,right_wrist,-1.226816,0.32960293,left_shoulder,-0.47977725,-0.5865296,left_elbow,0.13441922,-0.064543426,left_wrist,0.031000484,0.5022323,mid_hip,0.0,0.0,right_hip,-0.23772702,0.00012398764,right_knee,-0.6466388,0.6524421,right_ankle,0.020656984,0.3356358,left_hip,0.23772702,-0.00012398764,left_knee,0.061643656,0.8217942,left_ankle,0.76471025,0.47191143,0,0,0
Fall__Fall_f_raw_s_3_S_N_477_resized,62,C:\Users\ASUS\Downloads\3D_Human_Pose_NCKH\paper_baselines\lin2021_yolov8_lstm_gru\data\paper_skeleton_csv\Fall\Fall_Fall_f_raw_s_3_S_N_477_resized.csv,1,Fall,nose,-1.3465997,-0.58355,neck,-0.7970497,-0.60391366,right_shoulder,-1.117881,-0.5885321,right_elbow,-1.0864314,-0.21208353,right_wrist,-1.0688211,0.2738612,left_shoulder,-0.4762186,-0.6192952,left_elbow,0.11526743,-0.15256704,left_wrist,0.04449985,0.40867913,mid_hip,0.0,0.0,right_hip,-0.23607266,0.0010193612,right_knee,-0.68177617,0.5715848,right_ankle,0.057847943,0.33364078,left_hip,0.2360725,-0.0010195306,left_knee,0.08268125,0.71506584,left_ankle,0.7838665,0.48051724,0,0,0
Fall__Fall_f_raw_s_3_S_N_477_resized,63,C:\Users\ASUS\Downloads\3D_Human_Pose_NCKH\paper_baselines\lin2021_yolov8_lstm_gru\data\paper_skeleton_csv\Fall\Fall_Fall_f_raw_s_3_S_N_477_resized.csv,1,Fall,nose,-1.3402522,-0.5315888,neck,-0.81984824,-0.5725809,right_shoulder,-1.1058173,-0.54593897,right_elbow,-1.0133888,-0.162989,right_wrist,-0.95377195,0.27274394,left_shoulder,-0.5338793,-0.59922284,left_elbow,0.07301921,-0.15434188,left_wrist,0.02169447,0.3851708,mid_hip,0.0,0.0,right_hip,-0.21243721,0.009661469,right_knee,-0.64860004,0.55596286,right_ankle,0.06755045,0.33023635,left_hip,0.21243721,-0.009661633,left_knee,0.048566442,0.6612007,left_ankle,0.76223516,0.44533646,0,0,0
Fall__Fall_f_raw_s_3_S_N_477_resized,64,C:\Users\ASUS\Downloads\3D_Human_Pose_NCKH\paper_baselines\lin2021_yolov8_lstm_gru\data\paper_skeleton_csv\Fall\Fall_Fall_f_raw_s_3_S_N_477_resized.csv,1,Fall,nose,-1.4358201,-0.41128653,neck,-0.87240607,-0.48878184,right_shoulder,-1.1420623,-0.4702284,right_elbow,-0.98341924,-0.03874345,right_wrist,-0.86089,0.40331885,left_shoulder,-0.60274994,-0.50733507,left_elbow,0.07531522,-0.059305597,left_wrist,0.014898629,0.4853658,mid_hip,0.0,0.0,right_hip,-0.20054312,0.0058488823,right_knee,-0.64305764,0.565821,right_ankle,0.02486511,0.3193395,left_hip,0.20054312,-0.005849053,left_knee,0.057341877,0.73244905,left_ankle,0.7818613,0.47580823,0,0,0
Fall__Fall_f_raw_s_3_S_N_477_resized,65,C:\Users\ASUS\Downloads\3D_Human_Pose_NCKH\paper_baselines\lin2021_yolov8_lstm_gru\data\paper_skeleton_csv\Fall\Fall_Fall_f_raw_s_3_S_N_477_resized.csv,1,Fall,nose,-1.4610596,-0.3409278,neck,-0.8988587,-0.43823856,right_shoulder,-1.1373343,-0.40862155,right_elbow,-0.90896195,-0.033610273,right_wrist,-0.73515284,0.41614667,left_shoulder,-0.6603831,-0.46785557,left_elbow,0.072652265,-0.034982927,left_wrist,-0.026575858,0.5263155,mid_hip,0.0,0.0,right_hip,-0.17591068,0.013571228,right_knee,-0.6250532,0.6081767,right_ankle,0.18228848,0.3803597,left_hip,0.17591068,-0.013571228,left_knee,-0.10182754,0.69189197,left_ankle,0.7440397,0.54116446,0,0,0
Fall__Fall_f_raw_s_3_S_N_477_resized,66,C:\Users\ASUS\Downloads\3D_Human_Pose_NCKH\paper_baselines\lin2021_yolov8_lstm_gru\data\paper_skeleton_csv\Fall\Fall_Fall_f_raw_s_3_S_N_477_resized.csv,1,Fall,nose,-1.4824654,-0.30549625,neck,-0.9098558,-0.41492453,right_shoulder,-1.127966,-0.37901914,right_elbow,-0.79812384,-0.05923204,right_wrist,-0.6839426,0.3507162,left_shoulder,-0.69174564,-0.45083007,left_elbow,0.00338652,-0.040324647,left_wrist,-0.09045835,0.48689836,mid_hip,0.0,0.0,right_hip,-0.1645093,0.018104717,right_knee,-0.5205318,0.59889364,right_ankle,0.24184336,0.33910894,left_hip,0.1645093,-0.018104717,left_knee,-0.041053023,0.6447059,left_ankle,0.660734,0.5158746,0,0,0
Fall__Fall_f_raw_s_3_S_N_477_resized,67,C:\Users\ASUS\Downloads\3D_Human_Pose_NCKH\paper_baselines\lin2021_yolov8_lstm_gru\data\paper_skeleton_csv\Fall\Fall_Fall_f_raw_s_3_S_N_477_resized.csv,1,Fall,nose,-1.466866,-0.26257393,neck,-0.9124274,-0.4092385,right_shoulder,-1.0991677,-0.3692609,right_elbow,-0.6601376,-0.0344182,right_wrist,-0.59008735,0.32218775,left_shoulder,-0.7256871,-0.44921622,left_elbow,0.006496608,-0.022799691,left_wrist,-0.1374671,0.46035558,mid_hip,0.0,0.0,right_hip,-0.14055115,0.023113413,right_knee,-0.43985704,0.6051922,right_ankle,0.35681525,0.31343848,left_hip,0.14055131,-0.02311357,left_knee,-0.05593832,0.6068666,left_ankle,0.6349771,0.44221482,0,0,0
Fall__Fall_f_raw_s_3_S_N_477_resized,68,C:\Users\ASUS\Downloads\3D_Human_Pose_NCKH\paper_baselines\lin2021_yolov8_lstm_gru\data\paper_skeleton_csv\Fall\Fall_Fall_f_raw_s_3_S_N_477_resized.csv,1,Fall,nose,-1.4572694,-0.19258404,neck,-0.9362991,-0.35120365,right_shoulder,-1.1224848,-0.315416,right_elbow,-0.5842767,0.0069184806,right_wrist,-0.55630445,0.34623045,left_shoulder,-0.7501133,-0.38699126,left_elbow,0.00025943347,0.008081505,left_wrist,-0.16897804,0.47290266,mid_hip,0.0,0.0,right_hip,-0.1479099,0.019729305,right_knee,-0.48698762,0.59634084,right_ankle,0.27854776,0.3238398,left_hip,0.14791004,-0.019729305,left_knee,-0.045486014,0.62849134,left_ankle,0.6065892,0.45847452,0,0,0
Fall__Fall_f_raw_s_3_S_N_477_resized,69,C:\Users\ASUS\Downloads\3D_Human_Pose_NCKH\paper_baselines\lin2021_yolov8_lstm_gru\data\paper_skeleton_csv\Fall\Fall_Fall_f_raw_s_3_S_N_477_resized.csv,1,Fall,nose,-0.2841478,-1.3033657,neck,0.09091837,-0.9958583,right_shoulder,-0.39274618,-0.93213546,right_elbow,-0.54958403,-0.39273506,right_wrist,-0.5351946,-0.4654057,left_shoulder,0.57458293,-1.059581,left_elbow,0.75475794,-0.47257045,left_wrist,0.059279926,-0.51977456,mid_hip,0.0,0.0,right_hip,-0.2844068,-0.0021729143,right_knee,-0.5546914,0.7109327,right_ankle,-0.6116288,1.3349435,left_hip,0.28440633,0.0021729143,left_knee,-0.11019242,0.56996506,left_ankle,-0.79781616,1.1298357,0,0,0
Fall__Fall_f_raw_s_3_S_N_477_resized,70,C:\Users\ASUS\Downloads\3D_Human_Pose_NCKH\paper_baselines\lin2021_yolov8_lstm_gru\data\paper_skeleton_csv\Fall\Fall_Fall_f_raw_s_3_S_N_477_resized.csv,1,Fall,nose,-0.28053778,-1.3017493,neck,0.096407056,-0.99534196,right_shoulder,-0.38411662,-0.9342618,right_elbow,-0.54757684,-0.3899552,right_wrist,-0.5298316,-0.46464837,left_shoulder,0.57693124,-1.0564221,left_elbow,0.75422376,-0.47000572,left_wrist,0.055198375,-0.5158536,mid_hip,0.0,0.0,right_hip,-0.2819205,-0.0054839663,right_knee,-0.5537498,0.7119337,right_ankle,-0.6079932,1.3207182,left_hip,0.28192097,0.0054839663,left_knee,-0.12924713,0.6004053,left_ankle,-0.7998837,1.1593255,0,0,0
Fall__Fall_f_raw_s_3_S_N_477_resized,71,C:\Users\ASUS\Downloads\3D_Human_Pose_NCKH\paper_baselines\lin2021_yolov8_lstm_gru\data\paper_skeleton_csv\Fall\Fall_Fall_f_raw_s_3_S_N_477_resized.csv,1,Fall,nose,-0.27595428,-1.2956833,neck,0.100258686,-0.9949614,right_shoulder,-0.37686604,-0.9341764,right_elbow,-0.5451639,-0.3913401,right_wrist,-0.5188274,-0.46485144,left_shoulder,0.5773834,-1.0557464,left_elbow,0.7558749,-0.46450058,left_wrist,0.057147738,-0.5137896,mid_hip,0.0,0.0,right_hip,-0.2798746,-0.005966987,right_knee,-0.55082273,0.7142246,right_ankle,-0.6167938,1.3156918,left_hip,0.27987412,0.005966987,left_knee,-0.13783184,0.60372263,left_ankle,-0.79417,1.167215,0,0,0
Fall__Fall_f_raw_s_3_S_N_477_resized,72,C:\Users\ASUS\Downloads\3D_Human_Pose_NCKH\paper_baselines\lin2021_yolov8_lstm_gru\data\paper_skeleton_csv\Fall\Fall_Fall_f_raw_s_3_S_N_477_resized.csv,1,Fall,nose,-0.27855247,-1.2907903,neck,0.09349049,-0.9956202,right_shoulder,-0.38502502,-0.936014,right_elbow,-0.53583395,-0.4049216,right_wrist,-0.5092174,-0.47001633,left_shoulder,0.572006,-1.0552264,left_elbow,0.7349105,-0.47186637,left_wrist,0.04038382,-0.5117389,mid_hip,0.0,0.0,right_hip,-0.2806945,-0.0046357643,right_knee,-0.53577024,0.68915826,right_ankle,-0.566532,1.2948247,left_hip,0.2806945,0.0046360022,left_knee,-0.11023822,0.56786054,left_ankle,-0.79823655,1.113726,0,0,0
Fall__Fall_f_raw_s_3_S_N_477_resized,73,C:\Users\ASUS\Downloads\3D_Human_Pose_NCKH\paper_baselines\lin2021_yolov8_lstm_gru\data\paper_skeleton_csv\Fall\Fall_Fall_f_raw_s_3_S_N_477_resized.csv,1,Fall,nose,-0.27175665,-1.2904296,neck,0.09735418,-0.99524975,right_shoulder,-0.37908545,-0.9358765,right_elbow,-0.53554165,-0.40650532,right_wrist,-0.5028202,-0.47009724,left_shoulder,0.57379335,-1.0546229,left_elbow,0.74418265,-0.4681299,left_wrist,0.05215192,-0.5112904,mid_hip,0.0,0.0,right_hip,-0.2784557,-0.0043479353,right_knee,-0.525188,0.6924913,right_ankle,-0.5573256,1.3008156,left_hip,0.27845618,0.004348173,left_knee,-0.12053525,0.56660736,left_ankle,-0.79503965,1.1208119,0,0,0
Fall__Fall_f_raw_s_3_S_N_477_resized,74,C:\Users\ASUS\Downloads\3D_Human_Pose_NCKH\paper_baselines\lin2021_yolov8_lstm_gru\data\paper_skeleton_csv\Fall\Fall_Fall_f_raw_s_3_S_N_477_resized.csv,1,Fall,nose,-0.27104723,-1.2931062,neck,0.10034293,-0.9949529,right_shoulder,-0.37492764,-0.9363998,right_elbow,-0.5302499,-0.40949008,right_wrist,-0.49707988,-0.47168764,left_shoulder,0.575614,-1.0535061,left_elbow,0.7448781,-0.46984366,left_wrist,0.062252264,-0.51215994,mid_hip,0.0,0.0,right_hip,-0.27858037,-0.005216693,right_knee,-0.5411724,0.6974652,right_ankle,-0.57784235,1.2947816,left_hip,0.27858084,0.0052164556,left_knee,-0.12715217,0.5754551,left_ankle,-0.7959729,1.1208948,0,0,0
Fall__Fall_f_raw_s_3_S_N_477_resized,75,C:\Users\ASUS\Downloads\3D_Human_Pose_NCKH\paper_baselines\lin2021_yolov8_lstm_gru\data\paper_skeleton_csv\Fall\Fall_Fall_f_raw_s_3_S_N_477_resized.csv,1,Fall,nose,-1.4364715,0.01780642,neck,-0.98327744,-0.18211402,right_shoulder,-1.1398611,-0.14116272,right_elbow,-0.6390931,0.0828386,right_wrist,-0.54496914,0.35919002,left_shoulder,-0.8266938,-0.2230653,left_elbow,-0.14083968,0.008776241,left_wrist,-0.3465691,0.39611793,mid_hip,0.0,0.0,right_hip,-0.1202496,0.0210786,right_knee,-0.46888137,0.5492383,right_ankle,-0.05952321,0.33747035,left_hip,0.12024974,-0.0210786,left_knee,-0.17689483,0.56239295,left_ankle,0.07334852,0.50631285,0,0,0
Fall__Fall_f_raw_s_3_S_N_477_resized,76,C:\Users\ASUS\Downloads\3D_Human_Pose_NCKH\paper_baselines\lin2021_yolov8_lstm_gru\data\paper_skeleton_csv\Fall\Fall_Fall_f_raw_s_3_S_N_477_resized.csv,1,Fall,nose,-0.26952407,-1.2917836,neck,0.111430705,-0.99377215,right_shoulder,-0.3628679,-0.93637323,right_elbow,-0.52636075,-0.4002978,right_wrist,-0.47975758,-0.47413057,left_shoulder,0.5857298,-1.051171,left_elbow,0.75760967,-0.46009097,left_wrist,0.06868785,-0.5079302,mid_hip,0.0,0.0,right_hip,-0.27658358,-0.005066805,right_knee,-0.51369864,0.72805786,right_ankle,-0.53372234,1.3157402,left_hip,0.27658358,0.005066805,left_knee,-0.12561062,0.6066465,left_ankle,-0.7727566,1.1396865,0,0,0
Fall__Fall_f_raw_s_3_S_N_477_resized,77,C:\Users\ASUS\Downloads\3D_Human_Pose_NCKH\paper_baselines\lin2021_yolov8_lstm_gru\data\paper_skeleton_csv\Fall\Fall_Fall_f_raw_s_3_S_N_477_resized.csv,1,Fall,nose,-0.265008,-1.295306,neck,0.11400321,-0.9934803,right_shoulder,-0.36163032,-0.9337236,right_elbow,-0.52857155,-0.4013149,right_wrist,-0.47285593,-0.47709477,left_shoulder,0.5896372,-1.053237,left_elbow,0.75969297,-0.4613667,left_wrist,0.07124034,-0.50612247,mid_hip,0.0,0.0,right_hip,-0.2774077,-0.0033544353,right_knee,-0.5229445,0.7407434,right_ankle,-0.55207545,1.3262028,left_hip,0.27740818,0.0033544353,left_knee,-0.13390517,0.6023798,left_ankle,-0.7897287,1.134964,0,0,0
Fall__Fall_f_raw_s_3_S_N_477_resized,78,C:\Users\ASUS\Downloads\3D_Human_Pose_NCKH\paper_baselines\lin2021_yolov8_lstm_gru\data\paper_skeleton_csv\Fall\Fall_Fall_f_raw_s_3_S_N_477_resized.csv,1,Fall,nose,-0.26297843,-1.2967739,neck,0.117479496,-0.9930753,right_shoulder,-0.35697404,-0.934056,right_elbow,-0.52820516,-0.3969184,right_wrist,-0.47401667,-0.46886975,left_shoulder,0.59193355,-1.0520945,left_elbow,0.76074106,-0.45696115,left_wrist,0.06898334,-0.499078,mid_hip,0.0,0.0,right_hip,-0.2765508,-0.0035031459,right_knee,-0.5250355,0.742685,right_ankle,-0.56033516,1.3230186,left_hip,0.27655128,0.003503384,left_knee,-0.13602193,0.6024256,left_ankle,-0.7831806,1.1251669,0,0,0
Fall__Fall_f_raw_s_3_S_N_477_resized,79,C:\Users\ASUS\Downloads\3D_Human_Pose_NCKH\paper_baselines\lin2021_yolov8_lstm_gru\data\paper_skeleton_csv\Fall\Fall_Fall_f_raw_s_3_S_N_477_resized.csv,1,Fall,nose,-0.26452625,-1.2994174,neck,0.11448952,-0.9934245,right_shoulder,-0.36124003,-0.93536794,right_elbow,-0.5362932,-0.39932573,right_wrist,-0.48486757,-0.45820203,left_shoulder,0.59021956,-1.0514811,left_elbow,0.7544124,-0.45713842,left_wrist,0.079142146,-0.49398714,mid_hip,0.0,0.0,right_hip,-0.27751765,-0.003315098,right_knee,-0.5288612,0.72887176,right_ankle,-0.53853494,1.3016067,left_hip,0.27751765,0.003315098,left_knee,-0.12712891,0.5875152,left_ankle,-0.75956875,1.1024579,0,0,0
Fall__Fall_f_raw_s_3_S_N_477_resized,80,C:\Users\ASUS\Downloads\3D_Human_Pose_NCKH\paper_baselines\lin2021_yolov8_lstm_gru\data\paper_skeleton_csv\Fall\Fall_Fall_f_raw_s_3_S_N_477_resized.csv,1,Fall,nose,-0.26583672,-1.2975394,neck,0.11134274,-0.9937821,right_shoulder,-0.3636938,-0.9336479,right_elbow,-0.5379607,-0.3987788,right_wrist,-0.47864863,-0.4600127,left_shoulder,0.58637977,-1.0539162,left_elbow,0.75905716,-0.4607645,left_wrist,0.083324835,-0.4957299,mid_hip,0.0,0.0,right_hip,-0.27745146,-0.0015448633,right_knee,-0.5277656,0.7277852,right_ankle,-0.55027235,1.306661,left_hip,0.27745098,0.0015448633,left_knee,-0.1192853,0.573686,left_ankle,-0.7376767,1.0934958,0,0,0
Fall__Fall_f_raw_s_3_S_N_477_resized,81,C:\Users\ASUS\Downloads\3D_Human_Pose_NCKH\paper_baselines\lin2021_yolov8_lstm_gru\data\paper_skeleton_csv\Fall\Fall_Fall_f_raw_s_3_S_N_477_resized.csv,1,Fall,nose,-0.26307794,-1.3066443,neck,0.118609294,-0.992941,right_shoulder,-0.3602024,-0.93257284,right_elbow,-0.53587246,-0.40123987,right_wrist,-0.46631727,-0.46955582,left_shoulder,0.597421,-1.0533093,left_elbow,0.77437884,-0.46580136,left_wrist,0.14360483,-0.49247336,mid_hip,0.0,0.0,right_hip,-0.2784989,-0.00060758356,right_knee,-0.5304912,0.72366357,right_ankle,-0.5465594,1.3111533,left_hip,0.27849936,0.00060758356,left_knee,-0.11674065,0.56303537,left_ankle,-0.7519217,1.084828,0,0,0
Fall__Fall_f_raw_s_3_S_N_477_resized,82,C:\Users\ASUS\Downloads\3D_Human_Pose_NCKH\paper_baselines\lin2021_yolov8_lstm_gru\data\paper_skeleton_csv\Fall\Fall_Fall_f_raw_s_3_S_N_477_resized.csv,1,Fall,nose,-0.24883501,-1.3068416,neck,0.12376651,-0.99231136,right_shoulder,-0.35631746,-0.92794955,right_elbow,-0.5294617,-0.38182545,right_wrist,-0.43495712,-0.47905067,left_shoulder,0.60385096,-1.0566733,left_elbow,0.78251415,-0.46707496,left_wrist,0.1854666,-0.4948605,mid_hip,0.0,0.0,right_hip,-0.2797072,0.0018172024,right_knee,-0.526226,0.72404784,right_ankle,-0.5613219,1.3139231,left_hip,0.2797072,-0.0018174406,left_knee,-0.1086334,0.55694,left_ankle,-0.7580933,1.0821041,0,0,0
Fall__Fall_f_raw_s_3_S_N_477_resized,83,C:\Users\ASUS\Downloads\3D_Human_Pose_NCKH\paper_baselines\lin2021_yolov8_lstm_gru\data\paper_skeleton_csv\Fall\Fall_Fall_f_raw_s_3_S_N_477_resized.csv,1,Fall,nose,-0.24626137,-1.3102366,neck,0.12565377,-0.9920742,right_shoulder,-0.3595634,-0.9318961,right_elbow,-0.52552044,-0.4097372,right_wrist,-0.49290296,-0.45201203,left_shoulder,0.6108705,-1.0522523,left_elbow,0.77762175,-0.46555513,left_wrist,0.1419344,-0.48306847,mid_hip,0.0,0.0,right_hip,-0.2844782,0.00028754325,right_knee,-0.53755766,0.72696483,right_ankle,-0.56285053,1.3254826,left_hip,0.2844782,-0.00028754325,left_knee,-0.07571512,0.54736584,left_ankle,-0.7566423,1.0689518,0,0,0
Fall__Fall_f_raw_s_3_S_N_477_resized,84,C:\Users\ASUS\Downloads\3D_Human_Pose_NCKH\paper_baselines\lin2021_yolov8_lstm_gru\data\paper_skeleton_csv\Fall\Fall_Fall_f_raw_s_3_S_N_477_resized.csv,1,Fall,nose,-0.24880348,-1.326776,neck,0.09265836,-0.995698,right_shoulder,-0.38137108,-0.93335724,right_elbow,-0.54498607,-0.41730955,right_wrist,-0.41412222,-0.45897314,left_shoulder,0.5666878,-1.0580388,left_elbow,0.7612148,-0.4978032,left_wrist,0.18837106,-0.48343277,mid_hip,0.0,0.0,right_hip,-0.28490674,0.00772667,right_knee,-0.51108044,0.70406485,right_ankle,-0.55478173,1.3181069,left_hip,0.28490674,-0.007726429,left_knee,-0.10609379,0.5124397,left_ankle,-0.6982479,1.0747019,0,0,0
Fall__Fall_f_raw_s_3_S_N_477_resized,85,C:\Users\ASUS\Downloads\3D_Human_Pose_NCKH\paper_baselines\lin2021_yolov8_lstm_gru\data\paper_skeleton_csv\Fall\Fall_Fall_f_raw_s_3_S_N_477_resized.csv,1,Fall,nose,-0.23997091,-1.338244,neck,0.09766002,-0.9952198,right_shoulder,-0.36428365,-0.9357334,right_elbow,-0.54024005,-0.42430922,right_wrist,-0.45201087,-0.45242104,left_shoulder,0.55960417,-1.0547063,left_elbow,0.76337355,-0.50503415,left_wrist,0.17146443,-0.48788512,mid_hip,0.0,0.0,right_hip,-0.2753228,0.004771025,right_knee,-0.5008771,0.7174351,right_ankle,-0.53758293,1.3172169,left_hip,0.2753228,-0.004771025,left_knee,-0.15417875,0.54629433,left_ankle,-0.7149753,1.1081903,0,0,0
Fall__Fall_f_raw_s_3_S_N_477_resized,86,C:\Users\ASUS\Downloads\3D_Human_Pose_NCKH\paper_baselines\lin2021_yolov8_lstm_gru\data\paper_skeleton_csv\Fall\Fall_Fall_f_raw_s_3_S_N_477_resized.csv,1,Fall,nose,-0.21816848,-1.3697611,neck,0.10112875,-0.99487334,right_shoulder,-0.3696593,-0.93621874,right_elbow,-0.55875015,-0.43824676,right_wrist,-0.41976735,-0.4716728,left_shoulder,0.5719168,-1.053528,left_elbow,0.7889045,-0.51525235,left_wrist,0.22702818,-0.49481508,mid_hip,0.0,0.0,right_hip,-0.28098148,0.0054332702,right_knee,-0.4990435,0.7256584,right_ankle,-0.5493693,1.3244514,left_hip,0.28098196,-0.0054332702,left_knee,-0.14896718,0.55330503,left_ankle,-0.708783,1.1277878,0,0,0
Fall__Fall_f_raw_s_3_S_N_477_resized,87,C:\Users\ASUS\Downloads\3D_Human_Pose_NCKH\paper_baselines\lin2021_yolov8_lstm_gru\data\paper_skeleton_csv\Fall\Fall_Fall_f_raw_s_3_S_N_477_resized.csv,1,Fall,nose,-0.173716,-1.3554542,neck,0.1556717,-0.9878089,right_shoulder,-0.31820643,-0.9195172,right_elbow,-0.5130315,-0.41778225,right_wrist,-0.41957092,-0.44504994,left_shoulder,0.6295498,-1.0561006,left_elbow,0.89432764,-0.50207824,left_wrist,0.33629525,-0.48826575,mid_hip,0.0,0.0,right_hip,-0.27439773,0.005756539,right_knee,-0.45990068,0.7624278,right_ankle,-0.52861,1.3498763,left_hip,0.27439773,-0.005756778,left_knee,-0.13144185,0.5774862,left_ankle,-0.6957153,1.1559803,0,0,0
Fall__Fall_f_raw_s_3_S_N_477_resized,88,C:\Users\ASUS\Downloads\3D_Human_Pose_NCKH\paper_baselines\lin2021_yolov8_lstm_gru\data\paper_skeleton_csv\Fall\Fall_Fall_f_raw_s_3_S_N_477_resized.csv,1,Fall,nose,-0.15888827,-1.3682523,neck,0.15416549,-0.98804504,right_shoulder,-0.32512444,-0.91798687,right_elbow,-0.5155068,-0.39507154,right_wrist,-0.42378575,-0.42020652,left_shoulder,0.63345546,-1.0581031,left_elbow,0.9107365,-0.50705993,left_wrist,0.35059878,-0.47081882,mid_hip,0.0,0.0,right_hip,-0.2780759,0.007397272,right_knee,-0.46069592,0.7519225,right_ankle,-0.53646535,1.3580436,left_hip,0.27807543,-0.007397272,left_knee,-0.11231262,0.5656225,left_ankle,-0.6854582,1.1413676,0,0,0
Fall__Fall_f_raw_s_3_S_N_477_resized,89,C:\Users\ASUS\Downloads\3D_Human_Pose_NCKH\paper_baselines\lin2021_yolov8_lstm_gru\data\paper_skeleton_csv\Fall\Fall_Fall_f_raw_s_3_S_N_477_resized.csv,1,Fall,nose,-0.14896755,-1.3695104,neck,0.15754627,-0.98751163,right_shoulder,-0.31919435,-0.918123,right_elbow,-0.50758725,-0.39090878,right_wrist,-0.43691525,-0.41076806,left_shoulder,0.6342869,-1.0569001,left_elbow,0.9151018,-0.5046513,left_wrist,0.35190937,-0.45915347,mid_hip,0.0,0.0,right_hip,-0.2767681,0.006139327,right_knee,-0.45494714,0.7438675,right_ankle,-0.54169667,1.3379432,left_hip,0.27676857,-0.006139327,left_knee,-0.10390696,0.56929475,left_ankle,-0.6682921,1.1434902,0,0,0
Fall__Fall_f_raw_s_3_S_N_477_resized,90,C:\Users\ASUS\Downloads\3D_Human_Pose_NCKH\paper_baselines\lin2021_yolov8_lstm_gru\data\paper_skeleton_csv\Fall\Fall_Fall_f_raw_s_3_S_N_477_resized.csv,1,Fall,nose,-0.13550794,-1.3823441,neck,0.15433215,-0.98801905,right_shoulder,-0.32423928,-0.9194828,right_elbow,-0.5085126,-0.4062632,right_wrist,-0.47052163,-0.39705485,left_shoulder,0.63290405,-1.0565554,left_elbow,0.9142581,-0.5078816,left_wrist,0.31147537,-0.43880558,mid_hip,0.0,0.0,right_hip,-0.2762812,0.0057977424,right_knee,-0.44666067,0.72205997,right_ankle,-0.5019905,1.3215805,left_hip,0.27628168,-0.0057977424,left_knee,-0.114276566,0.5421827,left_ankle,-0.68327403,1.1229455,0,0,0
Fall__Fall_f_raw_s_3_S_N_477_resized,91,C:\Users\ASUS\Downloads\3D_Human_Pose_NCKH\paper_baselines\lin2021_yolov8_lstm_gru\data\paper_skeleton_csv\Fall\Fall_Fall_f_raw_s_3_S_N_477_resized.csv,1,Fall,nose,-0.11100605,-1.3865346,neck,0.15535387,-0.9878589,right_shoulder,-0.32639495,-0.9229124,right_elbow,-0.51234627,-0.41942713,right_wrist,-0.48588157,-0.39364842,left_shoulder,0.63710314,-1.0528054,left_elbow,0.9255923,-0.5046215,left_wrist,0.33307695,-0.41886774,mid_hip,0.0,0.0,right_hip,-0.27713025,0.004385202,right_knee,-0.4490123,0.72035724,right_ankle,-0.48829123,1.3190818,left_hip,0.27713025,-0.004385202,left_knee,-0.120909095,0.545962,left_ankle,-0.70221853,1.1318647,0,0,0
Fall__Fall_f_raw_s_3_S_N_477_resized,92,C:\Users\ASUS\Downloads\3D_Human_Pose_NCKH\paper_baselines\lin2021_yolov8_lstm_gru\data\paper_skeleton_csv\Fall\Fall_Fall_f_raw_s_3_S_N_477_resized.csv,1,Fall,nose,-0.107348956,-1.3942841,neck,0.1521386,-0.9883592,right_shoulder,-0.3346225,-0.9245984,right_elbow,-0.5315892,-0.42361662,right_wrist,-0.39544183,-0.35803056,left_shoulder,0.63889974,-1.05212,left_elbow,0.92309046,-0.502007,left_wrist,0.29332292,-0.38904223,mid_hip,0.0,0.0,right_hip,-0.2811949,0.0047221687,right_knee,-0.4542964,0.7413668,right_ankle,-0.5144155,1.3374006,left_hip,0.2811949,-0.004722409,left_knee,-0.14714773,0.56070405,left_ankle,-0.7053967,1.1555371,0,0,0
Fall__Fall_f_raw_s_3_S_N_477_resized,93,C:\Users\ASUS\Downloads\3D_Human_Pose_NCKH\paper_baselines\lin2021_yolov8_lstm_gru\data\paper_skeleton_csv\Fall\Fall_Fall_f_raw_s_3_S_N_477_resized.csv,1,Fall,nose,-0.1053845,-1.4019285,neck,0.15421128,-0.9880379,right_shoulder,-0.33165416,-0.93127483,right_elbow,-0.5358285,-0.43171275,right_wrist,-0.45240515,-0.35933724,left_shoulder,0.64007676,-1.044801,left_elbow,0.9102285,-0.4924345,left_wrist,0.22424014,-0.37084892,mid_hip,0.0,0.0,right_hip,-0.27924085,-0.00096157414,right_knee,-0.45351747,0.7244111,right_ankle,-0.49414846,1.3119818,left_hip,0.27924085,0.00096157414,left_knee,-0.16308135,0.5811198,left_ankle,-0.71370316,1.1602318,0,0,0
Fall__Fall_f_raw_s_3_S_N_477_resized,94,C:\Users\ASUS\Downloads\3D_Human_Pose_NCKH\paper_baselines\lin2021_yolov8_lstm_gru\data\paper_skeleton_csv\Fall\Fall_Fall_f_raw_s_3_S_N_477_resized.csv,1,Fall,nose,-0.10303388,-1.4020811,neck,0.16129121,-0.9869068,right_shoulder,-0.3187331,-0.9364386,right_elbow,-0.53655833,-0.44608587,right_wrist,-0.47683242,-0.33322108,left_shoulder,0.641316,-1.0373751,left_elbow,0.9130998,-0.4904917,left_wrist,0.26723692,-0.36301568,mid_hip,0.0,0.0,right_hip,-0.27670044,-0.003710504,right_knee,-0.47107702,0.72011995,right_ankle,-0.5539357,1.3135282,left_hip,0.27670044,0.0037102653,left_knee,-0.15438835,0.5815269,left_ankle,-0.70881885,1.1563263,0,0,0
Fall__Fall_f_raw_s_3_S_N_477_resized,95,C:\Users\ASUS\Downloads\3D_Human_Pose_NCKH\paper_baselines\lin2021_yolov8_lstm_gru\data\paper_skeleton_csv\Fall\Fall_Fall_f_raw_s_3_S_N_477_resized.csv,1,Fall,nose,-0.08292192,-1.3992515,neck,0.16680247,-0.9859903,right_shoulder,-0.31873018,-0.9369583,right_elbow,-0.5258814,-0.4550257,right_wrist,-0.4861307,-0.32355428,left_shoulder,0.6523351,-1.0350223,left_elbow,0.9086951,-0.49234876,left_wrist,0.29409456,-0.35790232,mid_hip,0.0,0.0,right_hip,-0.2797048,-0.0027634962,right_knee,-0.4626875,0.7057881,right_ankle,-0.506233,1.3155138,left_hip,0.27970433,0.0027637328,left_knee,-0.12618539,0.55346626,left_ankle,-0.7322553,1.1295319,0,0,0
Fall__Fall_f_raw_s_3_S_N_477_resized,96,C:\Users\ASUS\Downloads\3D_Human_Pose_NCKH\paper_baselines\lin2021_yolov8_lstm_gru\data\paper_skeleton_csv\Fall\Fall_Fall_f_raw_s_3_S_N_477_resized.csv,1,Fall,nose,-0.09617334,-1.4189453,neck,0.14552297,-0.98935497,right_shoulder,-0.3507073,-0.94668126,right_elbow,-0.5447054,-0.45764324,right_wrist,-0.51243687,-0.2765981,left_shoulder,0.6417527,-1.0320287,left_elbow,0.87093383,-0.50051486,left_wrist,0.2632634,-0.34086686,mid_hip,0.0,0.0,right_hip,-0.2888625,-0.0052628103,right_knee,-0.5053217,0.6782792,right_ankle,-0.5417203,1.3025721,left_hip,0.28886202,0.0052628103,left_knee,-0.08813218,0.5296514,left_ankle,-0.74581623,1.0942241,0,0,0
Fall__Fall_f_raw_s_3_S_N_477_resized,97,C:\Users\ASUS\Downloads\3D_Human_Pose_NCKH\paper_baselines\lin2021_yolov8_lstm_gru\data\paper_skeleton_csv\Fall\Fall_Fall_f_raw_s_3_S_N_477_resized.csv,1,Fall,nose,-0.08871363,-1.4161373,neck,0.1460782,-0.989273,right_shoulder,-0.3463207,-0.94918144,right_elbow,-0.5515342,-0.44821453,right_wrist,-0.5435818,-0.25643766,left_shoulder,0.6384771,-1.0293646,left_elbow,0.8623963,-0.49446186,left_wrist,0.24554475,-0.32773432,mid_hip,0.0,0.0,right_hip,-0.28674895,-0.008445339,right_knee,-0.51071346,0.69313055,right_ankle,-0.5634915,1.2978895,left_hip,0.28674847,0.008445339,left_knee,-0.10103067,0.57223403,left_ankle,-0.7422673,1.1281463,0,0,0
Fall__Fall_f_raw_s_3_S_N_477_resized,98,C:\Users\ASUS\Downloads\3D_Human_Pose_NCKH\paper_baselines\lin2021_yolov8_lstm_gru\data\paper_skeleton_csv\Fall\Fall_Fall_f_raw_s_3_S_N_477_resized.csv,1,Fall,nose,-0.048772134,-1.4151901,neck,0.17601064,-0.9843883,right_shoulder,-0.31484535,-0.94413817,right_elbow,-0.49894086,-0.47358173,right_wrist,-0.54216707,-0.26734224,left_shoulder,0.6668666,-1.0246384,left_elbow,0.8683349,-0.48106623,left_wrist,0.16615936,-0.3112154,mid_hip,0.0,0.0,right_hip,-0.28810605,-0.0063855792,right_knee,-0.4775542,0.6967859,right_ankle,-0.48209077,1.2875376,left_hip,0.2881056,0.0063855792,left_knee,-0.063416876,0.54548144,left_ankle,-0.71378064,1.0807375,0,0,0
Fall__Fall_f_raw_s_3_S_N_477_resized,99,C:\Users\ASUS\Downloads\3D_Human_Pose_NCKH\paper_baselines\lin2021_yolov8_lstm_gru\data\paper_skeleton_csv\Fall\Fall_Fall_f_raw_s_3_S_N_477_resized.csv,1,Fall,nose,-0.041134566,-1.4189532,neck,0.16969247,-0.98549706,right_shoulder,-0.3210618,-0.93865776,right_elbow,-0.4960926,-0.44008014,right_wrist,-0.54976475,-0.2437258,left_shoulder,0.6604462,-1.0323362,left_elbow,0.8444956,-0.4713282,left_wrist,0.087243415,-0.2741774,mid_hip,0.0,0.0,right_hip,-0.28925282,-0.0031453783,right_knee,-0.48047388,0.6873912,right_ankle,-0.47580194,1.2892387,left_hip,0.28925282,0.0031456118,left_knee,-0.064499766,0.5228048,left_ankle,-0.71179247,1.0661103,0,0,0
Fall__Fall_f_raw_s_3_S_N_477_resized,100,C:\Users\ASUS\Downloads\3D_Human_Pose_NCKH\paper_baselines\lin2021_yolov8_lstm_gru\data\paper_skeleton_csv\Fall\Fall_Fall_f_raw_s_3_S_N_477_resized.csv,1,Fall,nose,-0.02233465,-1.4195373,neck,0.17681848,-0.98424345,right_shoulder,-0.31194967,-0.9382721,right_elbow,-0.50376225,-0.43326455,right_wrist,-0.5684982,-0.20351516,left_shoulder,0.66558707,-1.0302147,left_elbow,0.81674594,-0.45558026,left_wrist,0.0767513,-0.24656801,mid_hip,0.0,0.0,right_hip,-0.2886744,-0.0033787,right_knee,-0.48176682,0.68479276,right_ankle,-0.47674108,1.2948862,left_hip,0.28867397,0.0033784665,left_knee,-0.07383611,0.51536924,left_ankle,-0.7239072,1.0877216,0,0,0
Fall__Fall_f_raw_s_3_S_N_477_resized,101,C:\Users\ASUS\Downloads\3D_Human_Pose_NCKH\paper_baselines\lin2021_yolov8_lstm_gru\data\paper_skeleton_csv\Fall\Fall_Fall_f_raw_s_3_S_N_477_resized.csv,1,Fall,nose,-0.013082401,-1.408178,neck,0.18733841,-0.9822954,right_shoulder,-0.2887125,-0.9481102,right_elbow,-0.50292814,-0.5004694,right_wrist,-0.59845734,-0.2283845,left_shoulder,0.66338885,-1.0164806,left_elbow,0.79200727,-0.45028093,left_wrist,0.10480769,-0.22847788,mid_hip,0.0,0.0,right_hip,-0.280745,-0.0075856713,right_knee,-0.4808218,0.66278243,right_ankle,-0.48734364,1.2829535,left_hip,0.280745,0.0075854408,left_knee,-0.07204866,0.490807,left_ankle,-0.7268097,1.0793155,0,0,0
Fall__Fall_f_raw_s_3_S_N_477_resized,102,C:\Users\ASUS\Downloads\3D_Human_Pose_NCKH\paper_baselines\lin2021_yolov8_lstm_gru\data\paper_skeleton_csv\Fall\Fall_Fall_f_raw_s_3_S_N_477_resized.csv,1,Fall,nose,-0.0333065,-1.4233563,neck,0.15600395,-0.9877565,right_shoulder,-0.29907367,-0.96739125,right_elbow,-0.54407275,-0.50354916,right_wrist,-0.63821715,-0.24350607,left_shoulder,0.6110811,-1.0081217,left_elbow,0.6773264,-0.4369165,left_wrist,0.02658141,-0.23145664,mid_hip,0.0,0.0,right_hip,-0.27711126,-0.011748197,right_knee,-0.51469815,0.62665117,right_ankle,-0.5638375,1.2399318,left_hip,0.27711174,0.011748427,left_knee,-0.100660495,0.49422094,left_ankle,-0.7189205,1.0659314,0,0,0
Fall__Fall_f_raw_s_3_S_N_477_resized,103,C:\Users\ASUS\Downloads\3D_Human_Pose_NCKH\paper_baselines\lin2021_yolov8_lstm_gru\data\paper_skeleton_csv\Fall\Fall_Fall_f_raw_s_3_S_N_477_resized.csv,1,Fall,nose,0.00956547,-1.4023777,neck,0.19434354,-0.9809334,right_shoulder,-0.266486,-0.95557266,right_elbow,-0.51104844,-0.5052471,right_wrist,-0.6029027,-0.23056957,left_shoulder,0.65517306,-1.0062943,left_elbow,0.7065812,-0.40258706,left_wrist,-0.0091325445,-0.19693287,mid_hip,0.0,0.0,right_hip,-0.27327487,-0.010722223,right_knee,-0.48025134,0.66553247,right_ankle,-0.48926333,1.2618146,left_hip,0.27327442,0.010722223,left_knee,-0.09824495,0.4978159,left_ankle,-0.7318932,1.0746465,0,0,0
Fall__Fall_f_raw_s_3_S_N_477_resized,104,C:\Users\ASUS\Downloads\3D_Human_Pose_NCKH\paper_baselines\lin2021_yolov8_lstm_gru\data\paper_skeleton_csv\Fall\Fall_Fall_f_raw_s_3_S_N_477_resized.csv,1,Fall,nose,0.021172455,-1.3848565,neck,0.20127949,-0.9795338,right_shoulder,-0.25415844,-0.9606161,right_elbow,-0.5040716,-0.5413405,right_wrist,-0.6033646,-0.23498149,left_shoulder,0.6567174,-0.99845153,left_elbow,0.6669036,-0.39173862,left_wrist,-0.037572805,-0.18625773,mid_hip,0.0,0.0,right_hip,-0.27024528,-0.011337078,right_knee,-0.46277162,0.6694313,right_ankle,-0.46174473,1.2554165,left_hip,0.27024528,0.011337304,left_knee,-0.07954907,0.48133257,left_ankle,-0.7377989,1.0443978,0,0,0
Fall__Fall_f_raw_s_3_S_N_477_resized,105,C:\Users\ASUS\Downloads\3D_Human_Pose_NCKH\paper_baselines\lin2021_yolov8_lstm_gru\data\paper_skeleton_csv\Fall\Fall_Fall_f_raw_s_3_S_N_477_resized.csv,1,Fall,nose,0.021640923,-1.3821112,neck,0.19908354,-0.9799825,right_shoulder,-0.25403562,-0.9642826,right_elbow,-0.513067,-0.5500089,right_wrist,-0.6152736,-0.22333086,left_shoulder,0.65220225,-0.99568254,left_elbow,0.6429936,-0.38980585,left_wrist,-0.055645306,-0.17117706,mid_hip,0.0,0.0,right_hip,-0.2709789,-0.012954741,right_knee,-0.47865665,0.6634844,right_ankle,-0.47761,1.2523093,left_hip,0.27097934,0.012954741,left_knee,-0.07878958,0.48334453,left_ankle,-0.72488326,1.0537392,0,0,0
Fall__Fall_f_raw_s_3_S_N_477_resized,106,C:\Users\ASUS\Downloads\3D_Human_Pose_NCKH\paper_baselines\lin2021_yolov8_lstm_gru\data\paper_skeleton_csv\Fall\Fall_Fall_f_raw_s_3_S_N_477_resized.csv,1,Fall,nose,0.035257123,-1.3722018,neck,0.20627578,-0.97849387,right_shoulder,-0.2434449,-0.96616775,right_elbow,-0.5017856,-0.54642016,right_wrist,-0.600731,-0.21561424,left_shoulder,0.65599644,-0.9908199,left_elbow,0.62194484,-0.38256297,left_wrist,-0.060585517,-0.17250511,mid_hip,0.0,0.0,right_hip,-0.27026847,-0.013233249,right_knee,-0.47289827,0.65985864,right_ankle,-0.46349218,1.2275026,left_hip,0.27026892,0.013233026,left_knee,-0.0595639,0.47686982,left_ankle,-0.6980153,1.0161345,0,0,0
Fall__Fall_f_raw_s_3_S_N_477_resized,107,C:\Users\ASUS\Downloads\3D_Human_Pose_NCKH\paper_baselines\lin2021_yolov8_lstm_gru\data\paper_skeleton_csv\Fall\Fall_Fall_f_raw_s_3_S_N_477_resized.csv,1,Fall,nose,0.043091986,-1.3704027,neck,0.20591246,-0.9785704,right_shoulder,-0.2415386,-0.96854323,right_elbow,-0.50361764,-0.5476914,right_wrist,-0.595405,-0.22519065,left_shoulder,0.65336305,-0.9885977,left_elbow,0.60870993,-0.37987152,left_wrist,-0.07774316,-0.17178358,mid_hip,0.0,0.0,right_hip,-0.26810253,-0.015720949,right_knee,-0.47431183,0.6577984,right_ankle,-0.45024562,1.2186589,left_hip,0.26810253,0.015720949,left_knee,-0.08798124,0.4968473,left_ankle,-0.72655815,1.0383618,0,0,0
Fall__Fall_f_raw_s_3_S_N_477_resized,108,C:\Users\ASUS\Downloads\3D_Human_Pose_NCKH\paper_baselines\lin2021_yolov8_lstm_gru\data\paper_skeleton_csv\Fall\Fall_Fall_f_raw_s_3_S_N_477_resized.csv,1,Fall,nose,0.015412736,-1.3785846,neck,0.15750526,-0.98751813,right_shoulder,-0.28684083,-0.98201495,right_elbow,-0.55929697,-0.5531056,right_wrist,-0.61306053,-0.22591269,left_shoulder,0.60185134,-0.9930213,left_elbow,0.55209106,-0.41317615,left_wrist,-0.094058946,-0.1840122,mid_hip,0.0,0.0,right_hip,-0.27359945,-0.015980992,right_knee,-0.50937945,0.57808334,right_ankle,-0.52226067,1.1982677,left_hip,0.27359945,0.015980765,left_knee,-0.08151844,0.44740292,left_ankle,-0.7152816,1.02778,0,0,0
Fall__Fall_f_raw_s_3_S_N_477_resized,109,C:\Users\ASUS\Downloads\3D_Human_Pose_NCKH\paper_baselines\lin2021_yolov8_lstm_gru\data\paper_skeleton_csv\Fall\Fall_Fall_f_raw_s_3_S_N_477_resized.csv,1,Fall,nose,0.022558331,-1.3798145,neck,0.15859462,-0.9873438,right_shoulder,-0.29166508,-0.98010224,right_elbow,-0.5571297,-0.5541884,right_wrist,-0.6174495,-0.24332954,left_shoulder,0.6088548,-0.99458545,left_elbow,0.54705113,-0.41782945,left_wrist,-0.08224681,-0.19187881,mid_hip,0.0,0.0,right_hip,-0.2796288,-0.013316533,right_knee,-0.51738364,0.5824691,right_ankle,-0.5345673,1.2179576,left_hip,0.2796288,0.01331676,left_knee,-0.04377264,0.43038422,left_ankle,-0.7042899,1.0141095,0,0,0
Fall__Fall_f_raw_s_3_S_N_477_resized,110,C:\Users\ASUS\Downloads\3D_Human_Pose_NCKH\paper_baselines\lin2021_yolov8_lstm_gru\data\paper_skeleton_csv\Fall\Fall_Fall_f_raw_s_3_S_N_477_resized.csv,1,Fall,nose,0.05438473,-1.3673124,neck,0.20271541,-0.9792377,right_shoulder,-0.25051484,-0.9726305,right_elbow,-0.4935973,-0.56222796,right_wrist,-0.57314575,-0.24523473,left_shoulder,0.65594614,-0.9858449,left_elbow,0.5819698,-0.38491374,left_wrist,-0.087260135,-0.17379545,mid_hip,0.0,0.0,right_hip,-0.27598867,-0.014692904,right_knee,-0.5024087,0.6326021,right_ankle,-0.48161915,1.2450019,left_hip,0.27598867,0.014692904,left_knee,-0.028176133,0.4518191,left_ankle,-0.68844485,1.0276515,0,0,0
Fall__Fall_f_raw_s_3_S_N_477_resized,111,C:\Users\ASUS\Downloads\3D_Human_Pose_NCKH\paper_baselines\lin2021_yolov8_lstm_gru\data\paper_skeleton_csv\Fall\Fall_Fall_f_raw_s_3_S_N_477_resized.csv,1,Fall,nose,0.030008348,-1.3775985,neck,0.16678077,-0.985994,right_shoulder,-0.27116913,-0.98445714,right_elbow,-0.51716167,-0.56568605,right_wrist,-0.5865357,-0.23730801,left_shoulder,0.60473067,-0.9875309,left_elbow,0.51592934,-0.4060673,left_wrist,-0.1378587,-0.18791117,mid_hip,0.0,0.0,right_hip,-0.2751881,-0.016163697,right_knee,-0.52446663,0.58809346,right_ankle,-0.55689067,1.2138898,left_hip,0.2751881,0.016163923,left_knee,-0.04085339,0.44478616,left_ankle,-0.6931855,1.0155307,0,0,0
Fall__Fall_f_raw_s_3_S_N_477_resized,112,C:\Users\ASUS\Downloads\3D_Human_Pose_NCKH\paper_baselines\lin2021_yolov8_lstm_gru\data\paper_skeleton_csv\Fall\Fall_Fall_f_raw_s_3_S_N_477_resized.csv,1,Fall,nose,0.03487756,-1.386378,neck,0.16151547,-0.9868702,right_shoulder,-0.2825041,-0.9847985,right_elbow,-0.53190005,-0.55043864,right_wrist,-0.57599074,-0.21115789,left_shoulder,0.60553503,-0.9889421,left_elbow,0.506937,-0.40078413,left_wrist,-0.1546568,-0.1822591,mid_hip,0.0,0.0,right_hip,-0.27853346,-0.016142746,right_knee,-0.5236646,0.56853265,right_ankle,-0.5620208,1.219636,left_hip,0.27853346,0.016142746,left_knee,-0.04432238,0.42928004,left_ankle,-0.7267362,1.0275426,0,0,0
Fall__Fall_f_raw_s_3_S_N_477_resized,113,C:\Users\ASUS\Downloads\3D_Human_Pose_NCKH\paper_baselines\lin2021_yolov8_lstm_gru\data\paper_skeleton_csv\Fall\Fall_Fall_f_raw_s_3_S_N_477_resized.csv,1,Fall,nose,0.079999775,-1.3751354,neck,0.20783779,-0.9781633,right_shoulder,-0.24321169,-0.9730752,right_elbow,-0.4823536,-0.5493735,right_wrist,-0.5408743,-0.19858718,left_shoulder,0.6588868,-0.9832516,left_elbow,0.54431075,-0.36820042,left_wrist,-0.14149012,-0.1655557,mid_hip,0.0,0.0,right_hip,-0.27677086,-0.016297052,right_knee,-0.52082443,0.6416235,right_ankle,-0.4779439,1.2518457,left_hip,0.2767713,0.01629728,left_knee,-0.056215033,0.46647066,left_ankle,-0.73038477,1.0605124,0,0,0
Fall__Fall_f_raw_s_3_S_N_477_resized,114,C:\Users\ASUS\Downloads\3D_Human_Pose_NCKH\paper_baselines\lin2021_yolov8_lstm_gru\data\paper_skeleton_csv\Fall\Fall_Fall_f_raw_s_3_S_N_477_resized.csv,1,Fall,nose,0.0848171,-1.3734505,neck,0.2072274,-0.97829276,right_shoulder,-0.24327345,-0.97421396,right_elbow,-0.48149386,-0.54421324,right_wrist,-0.5442033,-0.19078358,left_shoulder,0.65772825,-0.98237157,left_elbow,0.53915757,-0.36755186,left_wrist,-0.15897527,-0.17015609,mid_hip,0.0,0.0,right_hip,-0.27842012,-0.018263925,right_knee,-0.54036087,0.6621042,right_ankle,-0.49650308,1.2535864,left_hip,0.27841964,0.018263925,left_knee,-0.06874299,0.5045651,left_ankle,-0.7262952,1.0897564,0,0,0
Fall__Fall_f_raw_s_3_S_N_477_resized,115,C:\Users\ASUS\Downloads\3D_Human_Pose_NCKH\paper_baselines\lin2021_yolov8_lstm_gru\data\paper_skeleton_csv\Fall\Fall_Fall_f_raw_s_3_S_N_477_resized.csv,1,Fall,nose,0.08263684,-1.3686817,neck,0.20618826,-0.9785123,right_shoulder,-0.24191792,-0.97510713,right_elbow,-0.48669448,-0.5430528,right_wrist,-0.54349965,-0.17932998,left_shoulder,0.6542945,-0.98191744,left_elbow,0.53350914,-0.37060848,left_wrist,-0.15759523,-0.1682931,mid_hip,0.0,0.0,right_hip,-0.276555,-0.018771667,right_knee,-0.536879,0.65386635,right_ankle,-0.5060209,1.2476637,left_hip,0.27655545,0.018771667,left_knee,-0.07446638,0.5014281,left_ankle,-0.7289821,1.0848492,0,0,0
Fall__Fall_f_raw_s_3_S_N_477_resized,116,C:\Users\ASUS\Downloads\3D_Human_Pose_NCKH\paper_baselines\lin2021_yolov8_lstm_gru\data\paper_skeleton_csv\Fall\Fall_Fall_f_raw_s_3_S_N_477_resized.csv,1,Fall,nose,0.08606548,-1.3634999,neck,0.20750526,-0.9782339,right_shoulder,-0.23587191,-0.97247976,right_elbow,-0.47650424,-0.55352986,right_wrist,-0.53964216,-0.19299118,left_shoulder,0.65088284,-0.98398787,left_elbow,0.52541393,-0.3830963,left_wrist,-0.16558865,-0.18703468,mid_hip,0.0,0.0,right_hip,-0.2748286,-0.015376716,right_knee,-0.52712065,0.68625826,right_ankle,-0.49836618,1.2411369,left_hip,0.2748286,0.015376716,left_knee,-0.067811325,0.5031832,left_ankle,-0.70840406,1.0422556,0,0,0
Fall__Fall_f_raw_s_3_S_N_477_resized,117,C:\Users\ASUS\Downloads\3D_Human_Pose_NCKH\paper_baselines\lin2021_yolov8_lstm_gru\data\paper_skeleton_csv\Fall\Fall_Fall_f_raw_s_3_S_N_477_resized.csv,1,Fall,nose,0.08250414,-1.3682926,neck,0.20599462,-0.9785531,right_shoulder,-0.23821534,-0.97457093,right_elbow,-0.48409012,-0.5525834,right_wrist,-0.54866594,-0.1910346,left_shoulder,0.6502046,-0.98253524,left_elbow,0.520338,-0.3844793,left_wrist,-0.17745173,-0.18705733,mid_hip,0.0,0.0,right_hip,-0.27304098,-0.01667051,right_knee,-0.50356,0.6765647,right_ankle,-0.46686357,1.2343856,left_hip,0.27304098,0.01667051,left_knee,-0.08166392,0.50915533,left_ankle,-0.7219871,1.0494366,0,0,0
Fall__Fall_f_raw_s_3_S_N_477_resized,118,C:\Users\ASUS\Downloads\3D_Human_Pose_NCKH\paper_baselines\lin2021_yolov8_lstm_gru\data\paper_skeleton_csv\Fall\Fall_Fall_f_raw_s_3_S_N_477_resized.csv,1,Fall,nose,0.08899649,-1.3667945,neck,0.21091755,-0.9775039,right_shoulder,-0.23645566,-0.9743173,right_elbow,-0.48112357,-0.55121565,right_wrist,-0.5477793,-0.20025988,left_shoulder,0.65829074,-0.9806903,left_elbow,0.5234589,-0.3849048,left_wrist,-0.16603786,-0.18765694,mid_hip,0.0,0.0,right_hip,-0.27387235,-0.017506128,right_knee,-0.4910197,0.6838719,right_ankle,-0.45510146,1.2447286,left_hip,0.2738719,0.017506355,left_knee,-0.07908257,0.5259435,left_ankle,-0.74901676,1.0660714,0,0,0
Fall__Fall_f_raw_s_3_S_N_477_resized,119,C:\Users\ASUS\Downloads\3D_Human_Pose_NCKH\paper_baselines\lin2021_yolov8_lstm_gru\data\paper_skeleton_csv\Fall\Fall_Fall_f_raw_s_3_S_N_477_resized.csv,1,Fall,nose,0.08711206,-1.3350768,neck,0.09731343,-0.99525374,right_shoulder,-0.26035428,-1.0033096,right_elbow,-0.7892125,-0.77936566,right_wrist,-0.33812946,-1.1693984,left_shoulder,0.45498055,-0.98719794,left_elbow,0.49689957,-0.79823214,left_wrist,0.26455858,-1.1071153,mid_hip,0.0,0.0,right_hip,-0.24245565,0.0031403308,right_knee,-0.349157,0.67414516,right_ankle,-0.2783031,1.360916,left_hip,0.24245593,-0.003140041,left_knee,0.27176145,0.65841854,left_ankle,0.39450142,1.3053981,0,0,0
Fall__Fall_f_raw_s_3_S_N_477_resized,120,C:\Users\ASUS\Downloads\3D_Human_Pose_NCKH\paper_baselines\lin2021_yolov8_lstm_gru\data\paper_skeleton_csv\Fall\Fall_Fall_f_raw_s_3_S_N_477_resized.csv,1,Fall,nose,0.058650117,-1.3821957,neck,0.17732492,-0.9841524,right_shoulder,-0.2752744,-0.9892217,right_elbow,-0.54858905,-0.5583523,right_wrist,-0.59942806,-0.18854155,left_shoulder,0.62992424,-0.97908306,left_elbow,0.49342683,-0.370925,left_wrist,-0.17680618,-0.17208038,mid_hip,0.0,0.0,right_hip,-0.2744106,-0.022464372,right_knee,-0.52083075,0.67289835,right_ankle,-0.5254512,1.2760515,left_hip,0.27441016,0.022464372,left_knee,-0.111211106,0.5439084,left_ankle,-0.8021404,1.1193542,0,0,0
Fall__Fall_f_raw_s_3_S_N_477_resized,121,C:\Users\ASUS\Downloads\3D_Human_Pose_NCKH\paper_baselines\lin2021_yolov8_lstm_gru\data\paper_skeleton_csv\Fall\Fall_Fall_f_raw_s_3_S_N_477_resized.csv,1,Fall,nose,0.061822172,-1.3850754,neck,0.17911234,-0.98382854,right_shoulder,-0.2796828,-0.9905911,right_elbow,-0.55592805,-0.5597115,right_wrist,-0.60132945,-0.18025059,left_shoulder,0.637907,-0.9770659,left_elbow,0.4915286,-0.37386402,left_wrist,-0.1752034,-0.17173558,mid_hip,0.0,0.0,right_hip,-0.2780771,-0.023303295,right_knee,-0.5205891,0.67571306,right_ankle,-0.52322656,1.2878883,left_hip,0.2780771,0.02330353,left_knee,-0.10155049,0.55241936,left_ankle,-0.8172398,1.1314266,0,0,0
Fall__Fall_f_raw_s_3_S_N_477_resized,122,C:\Users\ASUS\Downloads\3D_Human_Pose_NCKH\paper_baselines\lin2021_yolov8_lstm_gru\data\paper_skeleton_csv\Fall\Fall_Fall_f_raw_s_3_S_N_477_resized.csv,1,Fall,nose,0.0611659,-1.3897897,neck,0.17391689,-0.98476034,right_shoulder,-0.28197053,-0.99430615,right_elbow,-0.5702813,-0.5573966,right_wrist,-0.60424733,-0.16004416,left_shoulder,0.6298043,-0.97521454,left_elbow,0.48750243,-0.37635112,left_wrist,-0.1838374,-0.173752,mid_hip,0.0,0.0,right_hip,-0.27336878,-0.0262114,right_knee,-0.5004373,0.6784457,right_ankle,-0.47942224,1.2750838,left_hip,0.27336878,0.0262114,left_knee,-0.14973332,0.5871857,left_ankle,-0.8441458,1.1624228,0,0,0
Fall__Fall_f_raw_s_3_S_N_477_resized,123,C:\Users\ASUS\Downloads\3D_Human_Pose_NCKH\paper_baselines\lin2021_yolov8_lstm_gru\data\paper_skeleton_csv\Fall\Fall_Fall_f_raw_s_3_S_N_477_resized.csv,1,Fall,nose,0.0689047,-1.389839,neck,0.17532916,-0.9845098,right_shoulder,-0.28437805,-0.9934801,right_elbow,-0.57402897,-0.558651,right_wrist,-0.6064622,-0.16249071,left_shoulder,0.6350368,-0.97553945,left_elbow,0.47919047,-0.36990738,left_wrist,-0.18831158,-0.17174657,mid_hip,0.0,0.0,right_hip,-0.27599567,-0.02482599,right_knee,-0.49887934,0.6759011,right_ankle,-0.46730524,1.2661389,left_hip,0.2759952,0.02482599,left_knee,-0.12307909,0.5701657,left_ankle,-0.83462006,1.1429408,0,0,0
Fall__Fall_f_raw_s_3_S_N_477_resized,124,C:\Users\ASUS\Downloads\3D_Human_Pose_NCKH\paper_baselines\lin2021_yolov8_lstm_gru\data\paper_skeleton_csv\Fall\Fall_Fall_f_raw_s_3_S_N_477_resized.csv,1,Fall,nose,0.110299006,-1.3773746,neck,0.19975896,-0.979845,right_shoulder,-0.2594431,-0.98424333,right_elbow,-0.5276849,-0.55725473,right_wrist,-0.5743773,-0.15825921,left_shoulder,0.6589606,-0.97544676,left_elbow,0.5150619,-0.3703824,left_wrist,-0.18013863,-0.17308736,mid_hip,0.0,0.0,right_hip,-0.27581584,-0.021362016,right_knee,-0.46085435,0.69189113,right_ankle,-0.34518206,1.2444564,left_hip,0.27581584,0.021362016,left_knee,-0.11087015,0.56514037,left_ankle,-0.80400616,1.110971,0,0,0
Fall__Fall_f_raw_s_3_S_N_477_resized,125,C:\Users\ASUS\Downloads\3D_Human_Pose_NCKH\paper_baselines\lin2021_yolov8_lstm_gru\data\paper_skeleton_csv\Fall\Fall_Fall_f_raw_s_3_S_N_477_resized.csv,1,Fall,nose,0.08307026,-1.3925767,neck,0.17467017,-0.984627,right_shoulder,-0.27917913,-0.9946401,right_elbow,-0.5776396,-0.57188773,right_wrist,-0.60698473,-0.17175159,left_shoulder,0.6285195,-0.97461385,left_elbow,0.4840946,-0.3771778,left_wrist,-0.1838999,-0.17860277,mid_hip,0.0,0.0,right_hip,-0.27081114,-0.024108458,right_knee,-0.46870157,0.7071794,right_ankle,-0.43681157,1.2657754,left_hip,0.27081162,0.024108224,left_knee,-0.14226894,0.59649056,left_ankle,-0.83460265,1.142705,0,0,0
Fall__Fall_f_raw_s_3_S_N_477_resized,126,C:\Users\ASUS\Downloads\3D_Human_Pose_NCKH\paper_baselines\lin2021_yolov8_lstm_gru\data\paper_skeleton_csv\Fall\Fall_Fall_f_raw_s_3_S_N_477_resized.csv,1,Fall,nose,0.085209735,-1.3888636,neck,0.17969158,-0.983723,right_shoulder,-0.2717205,-0.99419594,right_elbow,-0.5794954,-0.5717428,right_wrist,-0.6008404,-0.17822047,left_shoulder,0.6311037,-0.97325,left_elbow,0.47194523,-0.37220296,left_wrist,-0.18541734,-0.1835279,mid_hip,0.0,0.0,right_hip,-0.27167192,-0.022863777,right_knee,-0.48028547,0.71600854,right_ankle,-0.5032697,1.277479,left_hip,0.27167192,0.022864012,left_knee,-0.13128744,0.5840983,left_ankle,-0.8280397,1.1233398,0,0,0
Fall__Fall_f_raw_s_3_S_N_477_resized,127,C:\Users\ASUS\Downloads\3D_Human_Pose_NCKH\paper_baselines\lin2021_yolov8_lstm_gru\data\paper_skeleton_csv\Fall\Fall_Fall_f_raw_s_3_S_N_477_resized.csv,1,Fall,nose,0.11821707,-1.3749989,neck,0.20314895,-0.97914785,right_shoulder,-0.2523582,-0.9838555,right_elbow,-0.5364057,-0.5669191,right_wrist,-0.571162,-0.19058853,left_shoulder,0.65865606,-0.97444016,left_elbow,0.4967071,-0.3731593,left_wrist,-0.18145987,-0.18847115,mid_hip,0.0,0.0,right_hip,-0.2757404,-0.018882953,right_knee,-0.46313512,0.7117146,right_ankle,-0.3817029,1.2521566,left_hip,0.2757404,0.018883182,left_knee,-0.103065744,0.55725825,left_ankle,-0.7875649,1.0837967,0,0,0
Fall__Fall_f_raw_s_3_S_N_477_resized,128,C:\Users\ASUS\Downloads\3D_Human_Pose_NCKH\paper_baselines\lin2021_yolov8_lstm_gru\data\paper_skeleton_csv\Fall\Fall_Fall_f_raw_s_3_S_N_477_resized.csv,1,Fall,nose,0.12097795,-1.3802743,neck,0.20105188,-0.97958064,right_shoulder,-0.2569362,-0.98720527,right_elbow,-0.5514244,-0.5720118,right_wrist,-0.5810158,-0.18755078,left_shoulder,0.6590399,-0.97195596,left_elbow,0.48212042,-0.37599713,left_wrist,-0.19094919,-0.18783343,mid_hip,0.0,0.0,right_hip,-0.2743216,-0.022484045,right_knee,-0.4583992,0.69736487,right_ankle,-0.2963479,1.2306234,left_hip,0.2743216,0.022484045,left_knee,-0.14959846,0.58218676,left_ankle,-0.8004023,1.1267009,0,0,0
Fall__Fall_f_raw_s_3_S_N_477_resized,129,C:\Users\ASUS\Downloads\3D_Human_Pose_NCKH\paper_baselines\lin2021_yolov8_lstm_gru\data\paper_skeleton_csv\Fall\Fall_Fall_f_raw_s_3_S_N_477_resized.csv,1,Fall,nose,0.12119953,-1.3796288,neck,0.20344467,-0.9790864,right_shoulder,-0.25549215,-0.9842359,right_elbow,-0.55364394,-0.56623137,right_wrist,-0.5889223,-0.18083319,left_shoulder,0.66238153,-0.9739369,left_elbow,0.47706416,-0.3792051,left_wrist,-0.20291522,-0.18850663,mid_hip,0.0,0.0,right_hip,-0.27709228,-0.0223275,right_knee,-0.49068946,0.7103209,right_ankle,-0.35269344,1.2419769,left_hip,0.27709228,0.022327732,left_knee,-0.15441017,0.5913798,left_ankle,-0.7989228,1.1429976,0,0,0
Fall__Fall_f_raw_s_3_S_N_477_resized,130,C:\Users\ASUS\Downloads\3D_Human_Pose_NCKH\paper_baselines\lin2021_yolov8_lstm_gru\data\paper_skeleton_csv\Fall\Fall_Fall_f_raw_s_3_S_N_477_resized.csv,1,Fall,nose,0.1248171,-1.3725369,neck,0.20438012,-0.9788916,right_shoulder,-0.25448295,-0.983666,right_elbow,-0.55171674,-0.56277835,right_wrist,-0.58723354,-0.17879392,left_shoulder,0.66324365,-0.9741173,left_elbow,0.47202834,-0.3858178,left_wrist,-0.1879182,-0.20095812,mid_hip,0.0,0.0,right_hip,-0.27720645,-0.021615291,right_knee,-0.4856072,0.72309065,right_ankle,-0.3504718,1.2556366,left_hip,0.2772069,0.021615522,left_knee,-0.1460616,0.6014932,left_ankle,-0.80665904,1.1454523,0,0,0
Fall__Fall_f_raw_s_3_S_N_477_resized,131,C:\Users\ASUS\Downloads\3D_Human_Pose_NCKH\paper_baselines\lin2021_yolov8_lstm_gru\data\paper_skeleton_csv\Fall\Fall_Fall_f_raw_s_3_S_N_477_resized.csv,1,Fall,nose,0.13360417,-1.3777887,neck,0.20744358,-0.978247,right_shoulder,-0.24883893,-0.984705,right_elbow,-0.55163133,-0.5579747,right_wrist,-0.594684,-0.18073766,left_shoulder,0.6637261,-0.971789,left_elbow,0.4599525,-0.37339625,left_wrist,-0.19578753,-0.19946797,mid_hip,0.0,0.0,right_hip,-0.2789596,-0.021168906,right_knee,-0.5165252,0.72025585,right_ankle,-0.4252821,1.2879666,left_hip,0.27896005,0.021168906,left_knee,-0.13421404,0.581108,left_ankle,-0.7900906,1.1469975,0,0,0
Fall__Fall_f_raw_s_3_S_N_477_resized,132,C:\Users\ASUS\Downloads\3D_Human_Pose_NCKH\paper_baselines\lin2021_yolov8_lstm_gru\data\paper_skeleton_csv\Fall\Fall_Fall_f_raw_s_3_S_N_477_resized.csv,1,Fall,nose,0.088857494,-1.3357638,neck,0.10335377,-0.99464464,right_shoulder,-0.2634475,-1.0017728,right_elbow,-0.8121965,-0.78889847,right_wrist,-0.36804226,-1.1715064,left_shoulder,0.47015563,-0.98751634,left_elbow,0.4977517,-0.8156434,left_wrist,0.26399058,-1.1224495,mid_hip,0.0,0.0,right_hip,-0.24792737,0.0007874556,right_knee,-0.37889203,0.6486773,right_ankle,-0.29811975,1.3471155,left_hip,0.24792767,-0.0007874556,left_knee,0.23598257,0.65154076,left_ankle,0.35882327,1.3190458,0,0,0
Fall__Fall_f_raw_s_3_S_N_477_resized,133,C:\Users\ASUS\Downloads\3D_Human_Pose_NCKH\paper_baselines\lin2021_yolov8_lstm_gru\data\paper_skeleton_csv\Fall\Fall_Fall_f_raw_s_3_S_N_477_resized.csv,1,Fall,nose,0.1357429,-1.3836365,neck,0.2134321,-0.9769579,right_shoulder,-0.24404392,-0.98447555,right_elbow,-0.55139667,-0.5592143,right_wrist,-0.6132828,-0.17481484,left_shoulder,0.6709077,-0.9694403,left_elbow,0.4566297,-0.3789605,left_wrist,-0.20251977,-0.19681652,mid_hip,0.0,0.0,right_hip,-0.2835073,-0.022592,right_knee,-0.5639189,0.69824964,right_ankle,-0.53300244,1.3194036,left_hip,0.2835073,0.022592,left_knee,-0.10424198,0.55975384,left_ankle,-0.7836951,1.1661988,0,0,0
Fall__Fall_f_raw_s_3_S_N_477_resized,134,C:\Users\ASUS\Downloads\3D_Human_Pose_NCKH\paper_baselines\lin2021_yolov8_lstm_gru\data\paper_skeleton_csv\Fall\Fall_Fall_f_raw_s_3_S_N_477_resized.csv,1,Fall,nose,0.13995296,-1.3853617,neck,0.21442427,-0.9767406,right_shoulder,-0.24292885,-0.983844,right_elbow,-0.5481655,-0.5608792,right_wrist,-0.61196876,-0.18663372,left_shoulder,0.67177737,-0.9696371,left_elbow,0.45498312,-0.38545322,left_wrist,-0.19940375,-0.20525284,mid_hip,0.0,0.0,right_hip,-0.28292322,-0.022531014,right_knee,-0.567126,0.690706,right_ankle,-0.52346694,1.3209757,left_hip,0.28292322,0.022530777,left_knee,-0.11506349,0.5533706,left_ankle,-0.7847929,1.1684498,0,0,0
Fall__Fall_f_raw_s_3_S_N_477_resized,135,C:\Users\ASUS\Downloads\3D_Human_Pose_NCKH\paper_baselines\lin2021_yolov8_lstm_gru\data\paper_skeleton_csv\Fall\Fall_Fall_f_raw_s_3_S_N_477_resized.csv,1,Fall,nose,0.13515994,-1.3831371,neck,0.21303082,-0.9770455,right_shoulder,-0.24148506,-0.98463285,right_elbow,-0.54913294,-0.5638635,right_wrist,-0.6137862,-0.18635239,left_shoulder,0.66754717,-0.9694581,left_elbow,0.45096657,-0.38753477,left_wrist,-0.20526671,-0.20736092,mid_hip,0.0,0.0,right_hip,-0.28169593,-0.022966394,right_knee,-0.57190573,0.69522196,right_ankle,-0.552491,1.3306761,left_hip,0.28169593,0.022966158,left_knee,-0.12007021,0.5587814,left_ankle,-0.802498,1.1722504,0,0,0
Fall__Fall_f_raw_s_3_S_N_477_resized,136,C:\Users\ASUS\Downloads\3D_Human_Pose_NCKH\paper_baselines\lin2021_yolov8_lstm_gru\data\paper_skeleton_csv\Fall\Fall_Fall_f_raw_s_3_S_N_477_resized.csv,1,Fall,nose,0.13101149,-1.3800501,neck,0.21084456,-0.9775196,right_shoulder,-0.2424053,-0.9838091,right_elbow,-0.55320215,-0.5683185,right_wrist,-0.61439234,-0.1969102,left_shoulder,0.6640944,-0.9712301,left_elbow,0.4430459,-0.38956517,left_wrist,-0.21203788,-0.21028464,mid_hip,0.0,0.0,right_hip,-0.28101006,-0.02153833,right_knee,-0.5685919,0.71839505,right_ankle,-0.5727393,1.3528501,left_hip,0.28101006,0.02153833,left_knee,-0.12626271,0.5682335,left_ankle,-0.8180883,1.1778625,0,0,0
Fall__Fall_f_raw_s_3_S_N_477_resized,137,C:\Users\ASUS\Downloads\3D_Human_Pose_NCKH\paper_baselines\lin2021_yolov8_lstm_gru\data\paper_skeleton_csv\Fall\Fall_Fall_f_raw_s_3_S_N_477_resized.csv,1,Fall,nose,0.1303163,-1.3850033,neck,0.20880336,-0.9779576,right_shoulder,-0.24887387,-0.98287857,right_elbow,-0.5623077,-0.5621221,right_wrist,-0.6172858,-0.19654728,left_shoulder,0.6664801,-0.97303665,left_elbow,0.44133013,-0.38631132,left_wrist,-0.21807972,-0.21198215,mid_hip,0.0,0.0,right_hip,-0.28259483,-0.020641921,right_knee,-0.5588387,0.71339256,right_ankle,-0.5480487,1.3531551,left_hip,0.28259483,0.020641921,left_knee,-0.12894334,0.559976,left_ankle,-0.83538914,1.1773685,0,0,0
Fall__Fall_f_raw_s_3_S_N_477_resized,138,C:\Users\ASUS\Downloads\3D_Human_Pose_NCKH\paper_baselines\lin2021_yolov8_lstm_gru\data\paper_skeleton_csv\Fall\Fall_Fall_f_raw_s_3_S_N_477_resized.csv,1,Fall,nose,0.13247173,-1.3797792,neck,0.21020521,-0.9776573,right_shoulder,-0.24368058,-0.98273337,right_elbow,-0.56707066,-0.56762743,right_wrist,-0.6005021,-0.19904363,left_shoulder,0.6640905,-0.9725813,left_elbow,0.45477206,-0.3952562,left_wrist,-0.20287079,-0.22174257,mid_hip,0.0,0.0,right_hip,-0.2805748,-0.020180397,right_knee,-0.5528106,0.7237973,right_ankle,-0.5581232,1.345596,left_hip,0.28057528,0.020180631,left_knee,-0.1328674,0.5680441,left_ankle,-0.8117376,1.1667552,0,0,0
Fall__Fall_f_raw_s_3_S_N_477_resized,139,C:\Users\ASUS\Downloads\3D_Human_Pose_NCKH\paper_baselines\lin2021_yolov8_lstm_gru\data\paper_skeleton_csv\Fall\Fall_Fall_f_raw_s_3_S_N_477_resized.csv,1,Fall,nose,0.12912247,-1.3807333,neck,0.20690876,-0.97836024,right_shoulder,-0.24711128,-0.9834244,right_elbow,-0.5708273,-0.5722539,right_wrist,-0.6068554,-0.20077682,left_shoulder,0.6609288,-0.97329587,left_elbow,0.45415953,-0.39737722,left_wrist,-0.20518936,-0.22547674,mid_hip,0.0,0.0,right_hip,-0.2808229,-0.020518983,right_knee,-0.5556209,0.7172807,right_ankle,-0.56482995,1.3359104,left_hip,0.28082338,0.02051875,left_knee,-0.12622337,0.5638613,left_ankle,-0.8100856,1.1622298,0,0,0
Fall__Fall_f_raw_s_3_S_N_477_resized,140,C:\Users\ASUS\Downloads\3D_Human_Pose_NCKH\paper_baselines\lin2021_yolov8_lstm_gru\data\paper_skeleton_csv\Fall\Fall_Fall_f_raw_s_3_S_N_477_resized.csv,1,Fall,nose,-0.041654892,1.551062,neck,0.42023268,0.90741634,right_shoulder,-0.06882583,0.88805974,right_elbow,-1.488374,1.2463433,right_wrist,-1.1054857,1.8383092,left_shoulder,0.9092912,0.9267723,left_elbow,0.0825672,1.0619409,left_wrist,-0.5599878,1.4154798,mid_hip,0.0,0.0,right_hip,-0.29874203,-0.048468456,right_knee,-1.6802912,0.33861694,right_ankle,-2.1045005,0.19168891,left_hip,0.29874232,0.04846786,left_knee,-1.0565956,0.4105815,left_ankle,-1.3981234,-0.17797075,0,0,0
Fall__Fall_f_raw_s_3_S_N_477_resized,141,C:\Users\ASUS\Downloads\3D_Human_Pose_NCKH\paper_baselines\lin2021_yolov8_lstm_gru\data\paper_skeleton_csv\Fall\Fall_Fall_f_raw_s_3_S_N_477_resized.csv,1,Fall,nose,0.11731182,-1.3780569,neck,0.20157233,-0.97947365,right_shoulder,-0.25382042,-0.9839584,right_elbow,-0.5776718,-0.5771282,right_wrist,-0.597889,-0.18913192,left_shoulder,0.6569651,-0.9749889,left_elbow,0.4463055,-0.3989832,left_wrist,-0.19544277,-0.23024127,mid_hip,0.0,0.0,right_hip,-0.28064448,-0.017817447,right_knee,-0.5289978,0.71229386,right_ankle,-0.5239905,1.3298274,left_hip,0.28064495,0.017817447,left_knee,-0.10971954,0.53689003,left_ankle,-0.80357444,1.1265454,0,0,0
Fall__Fall_f_raw_s_3_S_N_477_resized,142,C:\Users\ASUS\Downloads\3D_Human_Pose_NCKH\paper_baselines\lin2021_yolov8_lstm_gru\data\paper_skeleton_csv\Fall\Fall_Fall_f_raw_s_3_S_N_477_resized.csv,1,Fall,nose,0.1108747,-1.3797435,neck,0.19853117,-0.9800947,right_shoulder,-0.25630134,-0.9856549,right_elbow,-0.58144253,-0.58772147,right_wrist,-0.6073781,-0.19574791,left_shoulder,0.6533637,-0.9745343,left_elbow,0.44048825,-0.39474106,left_wrist,-0.21740976,-0.218666,mid_hip,0.0,0.0,right_hip,-0.27961066,-0.018835125,right_knee,-0.53017026,0.71935785,right_ankle,-0.52929485,1.3439398,left_hip,0.27961114,0.018835125,left_knee,-0.13403603,0.54631966,left_ankle,-0.82871914,1.1474524,0,0,0
Fall__Fall_f_raw_s_3_S_N_477_resized,143,C:\Users\ASUS\Downloads\3D_Human_Pose_NCKH\paper_baselines\lin2021_yolov8_lstm_gru\data\paper_skeleton_csv\Fall\Fall_Fall_f_raw_s_3_S_N_477_resized.csv,1,Fall,nose,0.10841566,-1.3767267,neck,0.20277004,-0.97922635,right_shoulder,-0.25188434,-0.9861057,right_elbow,-0.57602966,-0.600347,right_wrist,-0.5974571,-0.19883758,left_shoulder,0.65742445,-0.9723471,left_elbow,0.44967806,-0.40460274,left_wrist,-0.1955964,-0.22656566,mid_hip,0.0,0.0,right_hip,-0.28006032,-0.019292057,right_knee,-0.533342,0.71934474,right_ankle,-0.53687215,1.3390526,left_hip,0.28006077,0.019292288,left_knee,-0.113333955,0.546417,left_ankle,-0.8137961,1.1369438,0,0,0
Fall__Fall_f_raw_s_3_S_N_477_resized,144,C:\Users\ASUS\Downloads\3D_Human_Pose_NCKH\paper_baselines\lin2021_yolov8_lstm_gru\data\paper_skeleton_csv\Fall\Fall_Fall_f_raw_s_3_S_N_477_resized.csv,1,Fall,nose,0.099754706,-1.3814826,neck,0.19687776,-0.98042804,right_shoulder,-0.26206538,-0.9937142,right_elbow,-0.5867948,-0.6130581,right_wrist,-0.60883784,-0.21557288,left_shoulder,0.6558209,-0.9671419,left_elbow,0.44812492,-0.3965156,left_wrist,-0.19161956,-0.22493584,mid_hip,0.0,0.0,right_hip,-0.27843067,-0.02297966,right_knee,-0.48377183,0.7013701,right_ankle,-0.4118224,1.2868718,left_hip,0.27843115,0.02297966,left_knee,-0.11956164,0.56751615,left_ankle,-0.8063323,1.1379473,0,0,0
Fall__Fall_f_raw_s_3_S_N_477_resized,145,C:\Users\ASUS\Downloads\3D_Human_Pose_NCKH\paper_baselines\lin2021_yolov8_lstm_gru\data\paper_skeleton_csv\Fall\Fall_Fall_f_raw_s_3_S_N_477_resized.csv,1,Fall,nose,0.09443428,-1.3846678,neck,0.19001365,-0.9817815,right_shoulder,-0.27114382,-0.9948691,right_elbow,-0.6013593,-0.62227124,right_wrist,-0.6143405,-0.21980013,left_shoulder,0.6511707,-0.96869385,left_elbow,0.45157292,-0.398315,left_wrist,-0.18863732,-0.22550717,mid_hip,0.0,0.0,right_hip,-0.27945814,-0.022696016,right_knee,-0.48639724,0.6964503,right_ankle,-0.40193602,1.2963495,left_hip,0.2794586,0.022695784,left_knee,-0.12160036,0.5606504,left_ankle,-0.7951976,1.1559027,0,0,0
Fall__Fall_f_raw_s_3_S_N_477_resized,146,C:\Users\ASUS\Downloads\3D_Human_Pose_NCKH\paper_baselines\lin2021_yolov8_lstm_gru\data\paper_skeleton_csv\Fall\Fall_Fall_f_raw_s_3_S_N_477_resized.csv,1,Fall,nose,0.09473447,-1.3828299,neck,0.19023967,-0.98173773,right_shoulder,-0.2676634,-0.9940484,right_elbow,-0.60121197,-0.62739265,right_wrist,-0.6096532,-0.22360031,left_shoulder,0.6481432,-0.969427,left_elbow,0.45540714,-0.4017202,left_wrist,-0.1929495,-0.22213516,mid_hip,0.0,0.0,right_hip,-0.2786172,-0.022123454,right_knee,-0.49143147,0.70902497,right_ankle,-0.435174,1.2953237,left_hip,0.2786172,0.022123454,left_knee,-0.12089758,0.5657,left_ankle,-0.77906805,1.1506927,0,0,0
Fall__Fall_f_raw_s_3_S_N_477_resized,147,C:\Users\ASUS\Downloads\3D_Human_Pose_NCKH\paper_baselines\lin2021_yolov8_lstm_gru\data\paper_skeleton_csv\Fall\Fall_Fall_f_raw_s_3_S_N_477_resized.csv,1,Fall,nose,0.09249851,-1.3839573,neck,0.19226311,-0.98134345,right_shoulder,-0.26749802,-0.99540114,right_elbow,-0.6017269,-0.62744176,right_wrist,-0.61096525,-0.22793955,left_shoulder,0.6520247,-0.9672858,left_elbow,0.46395007,-0.39802307,left_wrist,-0.18471953,-0.21822429,mid_hip,0.0,0.0,right_hip,-0.2786793,-0.024301503,right_knee,-0.48736843,0.6963033,right_ankle,-0.42460698,1.287909,left_hip,0.2786793,0.024301503,left_knee,-0.12237431,0.5725317,left_ankle,-0.77587664,1.1693617,0,0,0
Fall__Fall_f_raw_s_3_S_N_477_resized,148,C:\Users\ASUS\Downloads\3D_Human_Pose_NCKH\paper_baselines\lin2021_yolov8_lstm_gru\data\paper_skeleton_csv\Fall\Fall_Fall_f_raw_s_3_S_N_477_resized.csv,1,Fall,nose,0.08331006,-1.3898528,neck,0.18593217,-0.98256266,right_shoulder,-0.27728993,-0.99367577,right_elbow,-0.6134003,-0.6204399,right_wrist,-0.6170555,-0.2249249,left_shoulder,0.6491543,-0.9714495,left_elbow,0.46622604,-0.39663213,left_wrist,-0.19089049,-0.21862288,mid_hip,0.0,0.0,right_hip,-0.28104612,-0.022745878,right_knee,-0.48765075,0.70254445,right_ankle,-0.4352796,1.294365,left_hip,0.28104612,0.022746112,left_knee,-0.12603174,0.5698542,left_ankle,-0.7798955,1.173629,0,0,0
Fall__Fall_f_raw_s_3_S_N_477_resized,149,C:\Users\ASUS\Downloads\3D_Human_Pose_NCKH\paper_baselines\lin2021_yolov8_lstm_gru\data\paper_skeleton_csv\Fall\Fall_Fall_f_raw_s_3_S_N_477_resized.csv,1,Fall,nose,0.07837336,-1.3854393,neck,0.18767303,-0.98223156,right_shoulder,-0.27054957,-0.9923657,right_elbow,-0.6061986,-0.63349766,right_wrist,-0.61503464,-0.23706259,left_shoulder,0.64589566,-0.9720974,left_elbow,0.46875277,-0.40064353,left_wrist,-0.19275026,-0.21997356,mid_hip,0.0,0.0,right_hip,-0.2775244,-0.02148919,right_knee,-0.4798322,0.72244936,right_ankle,-0.44396588,1.3127615,left_hip,0.27752486,0.021489423,left_knee,-0.14029227,0.57269424,left_ankle,-0.7903546,1.1710238,0,0,0
