frame,bbox_x1,bbox_y1,bbox_x2,bbox_y2,bbox_conf,person_index,num_persons,x0,y0,c0,x1,y1,c1,x2,y2,c2,x3,y3,c3,x4,y4,c4,x5,y5,c5,x6,y6,c6,x7,y7,c7,x8,y8,c8,x9,y9,c9,x10,y10,c10,x11,y11,c11,x12,y12,c12,x13,y13,c13,x14,y14,c14,x15,y15,c15,x16,y16,c16
0,742.4688110351562,0.85675048828125,1920.0,1060.46044921875,0.9620717763900757,0,1,1319.699951171875,107.315185546875,0.0007953383610583842,1385.680908203125,72.92752075195312,0.0002027376467594877,1268.7431640625,83.40774536132812,0.00018674996681511402,1474.7965087890625,10.185104370117188,0.0011024457635357976,1158.1085205078125,18.2471923828125,0.001038126996718347,1624.774658203125,16.762069702148438,0.09928860515356064,990.2080078125,8.03228759765625,0.12538264691829681,1852.001953125,176.4151153564453,0.7481616139411926,824.0099487304688,147.55050659179688,0.8460879325866699,1900.216552734375,677.4068603515625,0.8419320583343506,835.4835205078125,602.872802734375,0.9022772908210754,1542.881591796875,808.3333740234375,0.9673181176185608,1120.919189453125,804.1521606445312,0.9735736846923828,1494.2730712890625,1080.0,0.09191752970218658,1106.0028076171875,1080.0,0.1097279042005539,1387.230712890625,974.1117553710938,0.008391452953219414,1168.1312255859375,955.0504150390625,0.009558554738759995
1,770.1448974609375,2.153228759765625,1920.0,1059.790283203125,0.9612434506416321,0,1,1370.8427734375,118.25820922851562,0.0010041962377727032,1438.3297119140625,79.72380065917969,0.00023209102801047266,1316.4912109375,89.65713500976562,0.0003060151357203722,1525.41259765625,8.933212280273438,0.0009023589664138854,1196.4859619140625,15.164886474609375,0.0015894012758508325,1656.134765625,17.25494384765625,0.06886174529790878,1021.4489135742188,2.5899810791015625,0.14101813733577728,1860.7708740234375,190.75946044921875,0.6175512671470642,844.4710693359375,139.56871032714844,0.8496749401092529,1891.6453857421875,694.6888427734375,0.7544276714324951,855.1109619140625,570.6678466796875,0.8975477814674377,1551.940185546875,786.075439453125,0.9516457915306091,1132.3966064453125,778.8480224609375,0.9686910510063171,1497.010986328125,1080.0,0.07673226296901703,1115.7396240234375,1080.0,0.111679308116436,1390.450927734375,971.3572998046875,0.007645110599696636,1180.311767578125,953.3814697265625,0.009750712662935257
2,790.8841552734375,2.30072021484375,1919.322265625,1061.237548828125,0.9640567898750305,0,1,1363.047119140625,93.08981323242188,0.0008783859084360301,1434.0516357421875,58.25660705566406,0.00023930917086545378,1311.5986328125,64.11346435546875,0.0002448182203806937,1535.458740234375,1.1363525390625,0.0012742687249556184,1204.7342529296875,0.8221893310546875,0.0011622399324551225,1674.0582275390625,28.0147705078125,0.05803270637989044,1040.5302734375,0.0,0.13994796574115753,1872.2926025390625,209.474853515625,0.5459822416305542,871.65673828125,122.14384460449219,0.8462473750114441,1870.631591796875,662.2274169921875,0.7106914520263672,880.6885986328125,551.59033203125,0.8845303654670715,1549.0931396484375,792.1704711914062,0.9479296803474426,1130.0836181640625,774.3050537109375,0.969956636428833,1482.8272705078125,1080.0,0.0728704184293747,1100.805419921875,1080.0,0.12022081017494202,1395.88134765625,975.3147583007812,0.007336604408919811,1196.609375,969.74853515625,0.010414022952318192
3,789.809326171875,4.3095703125,1918.6322021484375,1061.026611328125,0.9516276121139526,0,2,1470.4713134765625,196.3693084716797,0.0030927134212106466,1540.1436767578125,166.47555541992188,0.0006499221199192107,1419.735595703125,162.95828247070312,0.0015690792351961136,1610.7158203125,108.61660766601562,0.0011113419895991683,1280.0491943359375,85.50833129882812,0.00520998565480113,1684.487060546875,95.79840087890625,0.05193447321653366,1081.0362548828125,53.57670593261719,0.1991254687309265,1868.617919921875,170.1422882080078,0.4313167929649353,895.2855224609375,114.41798400878906,0.8531004190444946,1832.998291015625,487.97247314453125,0.6581426858901978,896.5907592773438,543.943359375,0.8932040333747864,1549.9462890625,766.9414672851562,0.9228485226631165,1149.8192138671875,745.4112548828125,0.9632007479667664,1483.1953125,1080.0,0.0712389200925827,1111.208984375,1080.0,0.13217736780643463,1412.78564453125,977.0659790039062,0.007647104561328888,1206.806884765625,967.7920532226562,0.01109963096678257
4,809.2219848632812,2.006561279296875,1920.0,1060.94775390625,0.9543076753616333,0,3,1425.955810546875,143.71188354492188,0.0015556737780570984,1496.97216796875,107.54310607910156,0.0004228144825901836,1371.273681640625,115.66438293457031,0.0006548551027663052,1607.609375,42.658355712890625,0.0012669311836361885,1262.3009033203125,48.506195068359375,0.0023168339394032955,1728.142578125,43.97978210449219,0.032613400369882584,1099.31787109375,20.053848266601562,0.15411101281642914,1876.64111328125,144.54336547851562,0.3188074827194214,906.6190795898438,101.89558410644531,0.8349866271018982,1888.322998046875,484.801025390625,0.529081404209137,909.32763671875,522.970947265625,0.8637949228286743,1565.360595703125,753.2473754882812,0.9039488434791565,1149.51513671875,733.2053833007812,0.9589263200759888,1482.947509765625,1080.0,0.06150956079363823,1100.1861572265625,1080.0,0.13388127088546753,1378.994140625,970.30810546875,0.007691212464123964,1202.6826171875,959.0289916992188,0.012777876108884811
5,810.1371459960938,2.861480712890625,1920.0,1062.0836181640625,0.9617823362350464,0,1,1427.52880859375,86.28055572509766,0.00041374837746843696,1491.587890625,52.33424377441406,8.85676417965442e-05,1374.7711181640625,60.71649169921875,0.00021540017041843385,1586.3463134765625,0.0,0.0004637641250155866,1269.770263671875,5.827239990234375,0.0016662110574543476,1697.8583984375,8.208984375,0.012167390435934067,1111.622802734375,0.0,0.12746810913085938,1860.826904296875,118.13589477539062,0.18865038454532623,940.8396606445312,102.44508361816406,0.8859245777130127,1903.4937744140625,467.1978759765625,0.38289549946784973,917.9794921875,510.6530456542969,0.8924918174743652,1554.346923828125,726.962646484375,0.9148334860801697,1156.6002197265625,714.5194702148438,0.9754233956336975,1503.77099609375,1080.0,0.05197923630475998,1086.801025390625,1080.0,0.15826496481895447,1498.8720703125,969.0791015625,0.006166218314319849,1208.454833984375,965.843994140625,0.013151375576853752
6,820.1801147460938,0.85858154296875,1920.0,1063.38232421875,0.9653323888778687,0,1,1459.527587890625,96.85153198242188,0.0009183099027723074,1519.925048828125,62.18060302734375,0.00023561384296044707,1409.104248046875,69.21487426757812,0.0005144015303812921,1611.21826171875,6.2957611083984375,0.0008554346859455109,1306.0826416015625,12.776504516601562,0.0025941517669707537,1725.9840087890625,12.044929504394531,0.01528935320675373,1139.156982421875,0.0,0.1295505315065384,1874.74462890625,135.2470703125,0.1884034425020218,951.7710571289062,103.16761779785156,0.85185307264328,1895.932373046875,547.9989624023438,0.3465751111507416,931.8001708984375,502.05145263671875,0.858349621295929,1563.3350830078125,698.2559814453125,0.9060431718826294,1159.4798583984375,678.2700805664062,0.9689311981201172,1519.872314453125,1080.0,0.049005281180143356,1045.1376953125,1080.0,0.13536500930786133,1508.75048828125,1005.32861328125,0.005133896600455046,1146.8662109375,978.5421752929688,0.010364928282797337
7,833.3307495117188,0.1571044921875,1918.9244384765625,1062.489501953125,0.9635341167449951,0,1,1425.30029296875,93.88737487792969,0.0027077686972916126,1487.87939453125,58.46770477294922,0.0008617829298600554,1376.5313720703125,66.42475891113281,0.00121504592243582,1598.240966796875,8.313583374023438,0.002388471271842718,1290.3173828125,17.42779541015625,0.0030756492633372545,1735.873779296875,23.55901336669922,0.029308894649147987,1148.2254638671875,0.0,0.16584442555904388,1885.768310546875,150.9921875,0.24956421554088593,970.0834350585938,95.81334686279297,0.8389385938644409,1868.4305419921875,485.4053649902344,0.45058655738830566,948.4793701171875,476.004150390625,0.860228955745697,1559.876220703125,689.376220703125,0.8994408249855042,1158.030517578125,660.0076904296875,0.9612711668014526,1511.5889892578125,1080.0,0.051371652632951736,1052.1375732421875,1080.0,0.13220766186714172,1448.345703125,982.1328735351562,0.005014460068196058,1110.087158203125,958.2738037109375,0.009804265573620796
8,857.3291015625,0.0,1920.0,1062.4383544921875,0.9622507691383362,0,1,1471.4884033203125,75.97906494140625,0.00123463268391788,1530.553955078125,41.21795654296875,0.0003121800837107003,1424.5689697265625,47.913597106933594,0.0007589831948280334,1627.517578125,0.0,0.001030567567795515,1334.16259765625,0.0,0.0034184905234724283,1749.999755859375,6.623359680175781,0.013156229630112648,1173.200439453125,0.0,0.1575743556022644,1889.7052001953125,147.53414916992188,0.12997549772262573,993.2210693359375,85.81780242919922,0.8662369847297668,1910.20703125,493.13653564453125,0.2736819088459015,963.7853393554688,469.24786376953125,0.8623575568199158,1569.2362060546875,666.599853515625,0.8806111812591553,1172.3865966796875,638.7393798828125,0.9674476385116577,1533.75732421875,1080.0,0.04596121981739998,1051.70947265625,1080.0,0.15735332667827606,1511.66845703125,1003.407958984375,0.004996089264750481,1153.1376953125,979.8865356445312,0.011779923923313618
9,863.1375732421875,0.0,1920.0,1062.369384765625,0.9617358446121216,0,1,1460.43212890625,73.40611267089844,0.0010859775356948376,1520.1580810546875,39.21533203125,0.00029466592241078615,1413.140869140625,45.99700927734375,0.0006254322361201048,1618.008544921875,0.0,0.0010345884365960956,1321.66259765625,0.0,0.002710908418521285,1741.046142578125,3.4993515014648438,0.012941263616085052,1170.161865234375,0.0,0.12408454716205597,1888.1788330078125,129.41415405273438,0.1437499225139618,1007.8507080078125,80.43388366699219,0.8423511385917664,1905.696533203125,474.93951416015625,0.30883553624153137,977.5266723632812,462.1192932128906,0.8529815077781677,1564.8818359375,647.1689453125,0.8949540853500366,1170.8260498046875,619.38525390625,0.9681715369224548,1526.0093994140625,1080.0,0.06379393488168716,1041.770263671875,1080.0,0.19054147601127625,1509.1090087890625,1009.744873046875,0.007267954293638468,1131.31689453125,978.8051147460938,0.016013316810131073
10,902.5755615234375,0.0,1920.0,1063.316162109375,0.9684999585151672,0,1,1480.126953125,81.71086120605469,0.0012438844423741102,1539.6068115234375,47.872833251953125,0.0003208713314961642,1433.240478515625,52.87870788574219,0.0007521602674387395,1631.7626953125,0.0,0.000940669619012624,1337.37646484375,0.0,0.003034505294635892,1745.0137939453125,4.621788024902344,0.012089862488210201,1183.2901611328125,0.0,0.12505647540092468,1889.29345703125,114.14241027832031,0.14380094408988953,1023.2232055664062,70.94306945800781,0.852760374546051,1905.011962890625,458.46484375,0.3290010690689087,992.3814697265625,450.7526550292969,0.8718870282173157,1572.4332275390625,632.5881958007812,0.9037462472915649,1181.35400390625,603.5768432617188,0.9718806743621826,1528.7252197265625,1080.0,0.07631003856658936,1030.9139404296875,1080.0,0.22485673427581787,1522.6226806640625,1018.1757202148438,0.00862671434879303,1104.0068359375,984.7582397460938,0.019034193828701973
11,910.5435791015625,0.0,1920.0,1063.2991943359375,0.9691345691680908,0,1,1489.724365234375,78.90554809570312,0.0014097461244091392,1548.9781494140625,46.239898681640625,0.0003674499166663736,1442.9085693359375,51.053192138671875,0.000872299016918987,1640.014892578125,0.0,0.0010229337494820356,1345.9383544921875,0.0,0.0033767069689929485,1748.6279296875,0.0,0.01393846981227398,1190.3203125,0.0,0.13220827281475067,1889.47705078125,103.2128677368164,0.15239690244197845,1030.7939453125,67.35946655273438,0.8450101017951965,1888.34033203125,429.829345703125,0.341146856546402,999.47314453125,435.03826904296875,0.8647668957710266,1568.751953125,607.4339599609375,0.921128511428833,1183.284912109375,579.752197265625,0.9762040376663208,1522.088623046875,1080.0,0.12168367952108383,1049.494873046875,1075.7076416015625,0.3173827528953552,1510.1082763671875,1032.28662109375,0.014483854174613953,1124.1986083984375,1003.4888916015625,0.03068659082055092
12,922.6380615234375,0.0,1920.0,1062.58740234375,0.9719473123550415,0,1,1462.1025390625,20.589019775390625,0.0026384233497083187,1521.014892578125,0.0,0.0007741189328953624,1424.8995361328125,0.0,0.0010760265868157148,1629.8990478515625,0.0,0.002448807703331113,1352.071044921875,0.0,0.0029422042425721884,1753.793701171875,0.80584716796875,0.032103270292282104,1203.4954833984375,0.0,0.2132112681865692,1888.7939453125,155.3049774169922,0.23866449296474457,1039.54931640625,58.05281066894531,0.8595868349075317,1896.650634765625,413.0863037109375,0.4431346356868744,1016.865966796875,411.3507385253906,0.8667276501655579,1551.212158203125,639.052490234375,0.9081857800483704,1178.467041015625,600.23486328125,0.9678463339805603,1521.088134765625,1080.0,0.12718655169010162,1095.607177734375,1049.1412353515625,0.31343168020248413,1452.1904296875,1001.0652465820312,0.017676081508398056,1167.31982421875,981.395263671875,0.03626153990626335
13,933.925048828125,0.0,1918.212158203125,1063.615478515625,0.9723446369171143,0,1,1449.9822998046875,59.092369079589844,0.0051362598314881325,1510.1297607421875,26.838272094726562,0.0019471565028652549,1410.564208984375,29.85699462890625,0.002357573714107275,1621.5986328125,0.0,0.004245923366397619,1338.4830322265625,0.0,0.004164558835327625,1752.529052734375,7.361549377441406,0.03638400137424469,1203.06103515625,0.0,0.16334980726242065,1892.182373046875,138.9427490234375,0.22713756561279297,1049.677734375,62.674232482910156,0.7782667875289917,1882.7772216796875,438.18206787109375,0.40899258852005005,1020.7218017578125,402.6778564453125,0.811161994934082,1553.58544921875,601.7096557617188,0.9088674783706665,1178.28369140625,563.7850952148438,0.9616346955299377,1507.910400390625,1077.896240234375,0.12539799511432648,1072.1875,1045.2557373046875,0.27740272879600525,1436.784912109375,1019.9910278320312,0.014150957576930523,1112.6876220703125,998.136474609375,0.026791825890541077
14,937.3027954101562,0.0,1920.0,1062.412353515625,0.9651658535003662,0,1,1475.2041015625,70.54055786132812,0.0020731319673359394,1534.3055419921875,40.57720184326172,0.0006871920195408165,1437.5968017578125,41.74829864501953,0.0008116872631944716,1637.9095458984375,0.0,0.0022181738168001175,1360.301025390625,0.0,0.0019016014412045479,1760.048583984375,6.191963195800781,0.032083600759506226,1216.6617431640625,0.0,0.1120334342122078,1893.7606201171875,167.06146240234375,0.33425265550613403,1066.6572265625,48.6214599609375,0.8036922216415405,1798.42431640625,402.828125,0.6141866445541382,1036.342529296875,396.0220642089844,0.8630344867706299,1552.086181640625,586.8082885742188,0.9557939767837524,1178.88134765625,545.0047607421875,0.9797107577323914,1500.30078125,1080.0,0.2757483422756195,1053.3218994140625,1055.503173828125,0.4547388255596161,1467.2318115234375,1049.676025390625,0.0335218571126461,1094.6104736328125,1035.922119140625,0.0542893260717392
15,954.265869140625,0.543731689453125,1918.90869140625,1063.8936767578125,0.9662835597991943,0,1,1459.696533203125,58.17338562011719,0.007427778095006943,1517.8104248046875,26.248374938964844,0.0027353728655725718,1421.6954345703125,29.048675537109375,0.003481522900983691,1624.8980712890625,0.0,0.004756770562380552,1349.8465576171875,0.0,0.005235838238149881,1748.115478515625,9.953659057617188,0.04417873173952103,1216.35986328125,0.0,0.18486981093883514,1875.5830078125,174.30145263671875,0.2410028874874115,1067.24365234375,59.295799255371094,0.7794436812400818,1851.5343017578125,425.06219482421875,0.4328240156173706,1044.2998046875,382.42431640625,0.8168596625328064,1553.491943359375,567.14404296875,0.9258182644844055,1191.9683837890625,528.5398559570312,0.9690721035003662,1502.313232421875,1035.388671875,0.25562426447868347,1091.9415283203125,1016.3607177734375,0.4778931736946106,1435.3134765625,1038.616455078125,0.03561563044786453,1125.717041015625,1033.5943603515625,0.06469254195690155
16,969.1177368164062,0.89959716796875,1920.0,1063.015625,0.9648646712303162,0,1,1500.338623046875,68.956787109375,0.0018766311695799232,1556.79296875,36.921730041503906,0.0005501940613612533,1462.058349609375,40.102294921875,0.001149935182183981,1652.4671630859375,0.0,0.0013470792910084128,1381.48193359375,0.0,0.00360558251850307,1762.4447021484375,6.787742614746094,0.016133788973093033,1229.629638671875,0.0,0.13492366671562195,1889.9366455078125,190.7317657470703,0.1273670196533203,1079.9295654296875,50.468971252441406,0.8006315231323242,1920.0,505.77398681640625,0.24742768704891205,1058.602783203125,379.982421875,0.8061928749084473,1569.5833740234375,562.7835693359375,0.9305931925773621,1207.841064453125,525.5391235351562,0.9787939786911011,1503.1943359375,1032.303466796875,0.33818280696868896,1088.990234375,1011.3802490234375,0.6401991844177246,1488.6060791015625,1077.6749267578125,0.06522305309772491,1183.405029296875,1067.731689453125,0.1323251575231552
17,972.3239135742188,0.819580078125,1920.0,1063.89404296875,0.9652968049049377,0,1,1490.8319091796875,75.01652526855469,0.0026250563096255064,1544.456787109375,41.66935729980469,0.0007836288423277438,1454.5098876953125,45.88453674316406,0.0016455505974590778,1636.174072265625,0.0,0.0017121254932135344,1376.4898681640625,0.0,0.004528420977294445,1750.706787109375,4.089958190917969,0.019059499725699425,1228.52783203125,0.0,0.16041924059391022,1894.992431640625,184.12887573242188,0.12698467075824738,1089.38330078125,45.80891418457031,0.8088010549545288,1920.0,541.08056640625,0.23304247856140137,1068.572265625,370.87091064453125,0.8075146079063416,1568.369140625,532.7510375976562,0.9378358721733093,1215.69873046875,497.54119873046875,0.9814386963844299,1505.4927978515625,1007.42138671875,0.42447203397750854,1102.5888671875,983.36669921875,0.7257235646247864,1510.135498046875,1080.0,0.09285693615674973,1212.0986328125,1078.69970703125,0.18718281388282776
18,986.5828857421875,1.47857666015625,1920.0,1063.9207763671875,0.9694386720657349,0,1,1488.1131591796875,63.74418640136719,0.0026187081821262836,1542.082275390625,31.94670867919922,0.0009301282116211951,1455.0506591796875,33.994651794433594,0.0011854785261675715,1632.833251953125,0.0,0.002616890473291278,1379.990966796875,0.0,0.0029746703803539276,1749.8858642578125,0.0,0.038659390062093735,1226.1397705078125,0.0,0.14205169677734375,1898.8212890625,198.0631103515625,0.2736574113368988,1092.199462890625,42.91893768310547,0.7653768658638,1920.0,585.998779296875,0.39007264375686646,1075.6318359375,364.9695739746094,0.7803898453712463,1563.4281005859375,530.9691162109375,0.9645746946334839,1210.3446044921875,492.0611572265625,0.9836101531982422,1506.747314453125,989.6947021484375,0.5620253682136536,1100.409912109375,955.2550048828125,0.7458773255348206,1507.3387451171875,1080.0,0.13990047574043274,1217.590576171875,1056.822021484375,0.21893590688705444
19,995.0571899414062,0.0,1919.700927734375,1061.38525390625,0.9686967730522156,0,1,1495.9891357421875,30.056854248046875,0.0017178449779748917,1548.974853515625,0.00677490234375,0.0004319280560594052,1471.40283203125,0.0,0.0006467319908551872,1625.6839599609375,0.0,0.0015663503436371684,1398.4752197265625,0.0,0.0023789722472429276,1736.6546630859375,0.0,0.049971695989370346,1228.5220947265625,0.0,0.18394838273525238,1889.614013671875,169.5556182861328,0.39304468035697937,1116.6927490234375,50.92533874511719,0.8432458639144897,1899.139892578125,542.5750732421875,0.5863057971000671,1083.0003662109375,359.5582275390625,0.8543898463249207,1556.582275390625,541.873291015625,0.9701623916625977,1215.02685546875,504.8506164550781,0.9855997562408447,1491.1468505859375,989.1483154296875,0.6355990171432495,1106.828857421875,923.8848876953125,0.7718536853790283,1487.8837890625,1080.0,0.18922896683216095,1249.4150390625,1031.462646484375,0.268292635679245
20,1003.185791015625,0.0,1919.5704345703125,1062.296875,0.9690971970558167,0,1,1475.0987548828125,26.200103759765625,0.0014553373912349343,1529.96923828125,0.0,0.00038009535637684166,1450.8836669921875,0.0,0.0004883247311227024,1608.54931640625,0.0,0.0017592725344002247,1378.2408447265625,0.0,0.001999393105506897,1726.305908203125,0.0,0.06916411966085434,1217.6650390625,0.0,0.21674121916294098,1886.9208984375,149.60545349121094,0.47803598642349243,1121.280517578125,57.844940185546875,0.8653052449226379,1891.6607666015625,523.8032836914062,0.642493486404419,1087.642333984375,354.18133544921875,0.8665671944618225,1555.8929443359375,544.215087890625,0.9831066131591797,1217.9107666015625,503.9468994140625,0.991388738155365,1465.996337890625,1008.5289306640625,0.7496691942214966,1108.6624755859375,911.8677978515625,0.8447505831718445,1454.169677734375,1080.0,0.2646979093551636,1260.874267578125,1035.4014892578125,0.36211585998535156
21,1005.0098876953125,0.0,1919.5316162109375,1061.5257568359375,0.9687772989273071,0,1,1482.812744140625,28.017059326171875,0.0013573204632848501,1535.6500244140625,0.751922607421875,0.00034952175337821245,1461.535888671875,0.0,0.00048149318899959326,1607.013427734375,0.0,0.0016247389139607549,1389.4066162109375,0.0,0.0021194738801568747,1719.560302734375,0.0,0.06424973905086517,1221.5107421875,0.0,0.2025330513715744,1885.804931640625,134.2616729736328,0.4606551229953766,1123.896240234375,53.66743469238281,0.8514575958251953,1889.251220703125,507.3017578125,0.626677393913269,1091.9697265625,346.7823181152344,0.8545978665351868,1551.0146484375,534.8043212890625,0.98055499792099,1220.59130859375,496.01800537109375,0.9898111820220947,1462.8992919921875,1000.3134765625,0.7238243818283081,1120.5032958984375,902.8212890625,0.8220365047454834,1458.9639892578125,1080.0,0.24179649353027344,1277.8839111328125,1022.403564453125,0.33001068234443665
22,997.5836791992188,3.78131103515625,1920.0,1065.429443359375,0.9666905403137207,0,1,1450.2679443359375,30.971099853515625,0.0022609117440879345,1498.98876953125,2.8812103271484375,0.0008734033908694983,1424.428955078125,4.4677276611328125,0.000663251499645412,1577.7117919921875,0.0,0.004509467165917158,1359.810302734375,0.0,0.0021004644222557545,1707.18798828125,0.0,0.11484163254499435,1220.084716796875,0.0,0.21670855581760406,1886.890869140625,126.52738952636719,0.587919294834137,1116.89111328125,33.015472412109375,0.8145904541015625,1880.0546875,487.739013671875,0.6928816437721252,1102.447021484375,341.7771301269531,0.8297876715660095,1534.2918701171875,523.391845703125,0.986804723739624,1214.2095947265625,476.73565673828125,0.990944504737854,1456.7568359375,989.14599609375,0.7266821265220642,1138.380859375,882.4552001953125,0.8046472072601318,1426.193359375,1079.74169921875,0.2111268788576126,1246.720947265625,965.904052734375,0.287476122379303
23,1007.6094360351562,0.0,1919.4224853515625,1063.0235595703125,0.9695983529090881,0,1,1480.087158203125,27.679824829101562,0.0011014915071427822,1532.1248779296875,4.9918670654296875,0.00027233370929025114,1463.197509765625,0.0,0.0003642509691417217,1596.95361328125,0.0,0.0014953968347981572,1395.1414794921875,0.0,0.0019239765824750066,1712.887451171875,0.0,0.08042740821838379,1225.4263916015625,0.0,0.21341270208358765,1888.484619140625,134.60073852539062,0.5432295203208923,1127.257568359375,60.15476989746094,0.8670677542686462,1883.7022705078125,491.70867919921875,0.696661651134491,1100.85791015625,348.7334289550781,0.8757936954498291,1552.581787109375,531.3224487304688,0.9864462614059448,1230.181396484375,486.35723876953125,0.9923489093780518,1476.0975341796875,975.9332275390625,0.8221461772918701,1132.5732421875,849.65380859375,0.8832720518112183,1445.0986328125,1080.0,0.37312570214271545,1248.6527099609375,998.0584716796875,0.47174662351608276
24,1014.9439086914062,0.0,1919.30078125,1062.7008056640625,0.9701554179191589,0,1,1468.6943359375,22.257568359375,0.0010758419521152973,1519.12353515625,0.0,0.00027664884692057967,1452.2177734375,0.0,0.00031439869781024754,1583.517822265625,0.0,0.0016401814064010978,1387.129638671875,0.0,0.0016220648540183902,1701.617431640625,0.0,0.10031133145093918,1223.0035400390625,0.0,0.1999872624874115,1881.179443359375,141.5599822998047,0.6345065236091614,1126.689208984375,62.392364501953125,0.8607237935066223,1881.8096923828125,487.7681884765625,0.760909914970398,1101.9495849609375,349.4784851074219,0.8757035732269287,1547.7073974609375,536.380859375,0.9886101484298706,1230.1658935546875,493.76715087890625,0.9924489259719849,1474.59326171875,982.8488159179688,0.8227964639663696,1140.437744140625,864.84130859375,0.8665525913238525,1453.15966796875,1080.0,0.3522002398967743,1249.6641845703125,990.7186279296875,0.4247294068336487
25,1017.6890258789062,1.376129150390625,1918.9619140625,1063.9556884765625,0.9673343300819397,0,1,1473.6171875,36.0780029296875,0.0013167031574994326,1518.74072265625,9.366073608398438,0.0003757991944439709,1455.095703125,9.156646728515625,0.0004263913433533162,1573.5062255859375,0.0,0.0020144591107964516,1387.6767578125,0.0,0.0020726032089442015,1693.23095703125,0.0,0.099990114569664,1223.5341796875,0.0,0.16423086822032928,1882.825927734375,134.67640686035156,0.6117331385612488,1123.8876953125,70.90544128417969,0.8072717785835266,1887.4405517578125,489.52984619140625,0.7220460772514343,1103.7822265625,352.6696472167969,0.8335067629814148,1546.7581787109375,541.5614013671875,0.9840216040611267,1233.85107421875,508.82061767578125,0.9880951642990112,1479.948974609375,991.1435546875,0.6759181618690491,1142.7452392578125,906.6967163085938,0.7261112332344055,1472.346435546875,1075.807373046875,0.17769092321395874,1258.05859375,987.3451538085938,0.21284936368465424
26,1011.8325805664062,0.0,1918.898681640625,1063.7626953125,0.9688084125518799,0,1,1474.1109619140625,21.378616333007812,0.0017064460553228855,1518.893310546875,0.0,0.0004310650983825326,1458.23291015625,0.0,0.0005019810632802546,1570.6483154296875,0.0,0.0021144887432456017,1391.52783203125,0.0,0.002376101678237319,1689.39013671875,0.0,0.14387446641921997,1219.5423583984375,0.0,0.21677979826927185,1873.130615234375,131.90826416015625,0.7024521827697754,1127.7333984375,70.93258666992188,0.8462405204772949,1878.999267578125,486.22412109375,0.8011513948440552,1103.98779296875,357.1581115722656,0.8699007630348206,1548.2362060546875,520.703125,0.9878532886505127,1235.66455078125,490.73309326171875,0.9905440807342529,1498.1239013671875,929.9573974609375,0.8260281085968018,1145.3800048828125,854.8193359375,0.8493779897689819,1460.319580078125,1046.47509765625,0.3718319535255432,1248.1905517578125,977.26025390625,0.4077904224395752
27,1014.52880859375,0.0,1919.1536865234375,1064.800537109375,0.9686325788497925,0,1,1454.285888671875,15.716217041015625,0.002005802234634757,1498.727294921875,0.0,0.0005787889240309596,1441.98583984375,0.0,0.0005088140023872256,1554.4052734375,0.0,0.002991215791553259,1385.818603515625,0.0,0.002071032766252756,1680.38134765625,0.0,0.17885088920593262,1219.28173828125,0.0,0.20263250172138214,1864.399658203125,127.97552490234375,0.7523719668388367,1124.55078125,74.08859252929688,0.8170557618141174,1876.38427734375,486.9676513671875,0.8285836577415466,1104.97216796875,359.2159423828125,0.8499771356582642,1541.6590576171875,519.941650390625,0.9887946844100952,1234.9510498046875,486.5642395019531,0.9896366000175476,1489.6629638671875,953.6192626953125,0.8268229365348816,1152.0506591796875,855.692138671875,0.8284410834312439,1458.06787109375,1075.60595703125,0.34161993861198425,1249.15087890625,986.88134765625,0.36098814010620117
28,1011.5652465820312,0.12158203125,1918.820556640625,1063.7801513671875,0.9676604866981506,0,1,1441.3841552734375,11.669952392578125,0.002163077238947153,1486.5640869140625,0.0,0.0006527279037982225,1429.205810546875,0.0,0.000529014621861279,1547.140380859375,0.0,0.003332840045914054,1376.802001953125,0.0,0.0019357131095603108,1679.021728515625,0.0,0.17576900124549866,1217.5908203125,0.0,0.197088360786438,1863.2486572265625,147.59523010253906,0.7429512143135071,1123.1531982421875,77.27169799804688,0.8103445172309875,1866.5159912109375,489.85272216796875,0.8271334767341614,1102.3685302734375,363.5995788574219,0.8475749492645264,1544.80126953125,516.24267578125,0.9882915616035461,1237.7496337890625,479.14288330078125,0.989335834980011,1495.7559814453125,945.9929809570312,0.8463123440742493,1153.6748046875,838.9156494140625,0.8500030636787415,1468.225341796875,1080.0,0.38384246826171875,1244.951171875,989.9994506835938,0.40966862440109253
29,1019.8428955078125,0.122406005859375,1918.6534423828125,1063.7366943359375,0.9654676914215088,0,1,1428.9439697265625,9.49346923828125,0.0023581457789987326,1473.88427734375,0.0,0.0007439445471391082,1419.7554931640625,0.0,0.0005454913480207324,1532.114013671875,0.0,0.004061691462993622,1371.3525390625,0.0,0.0019991507288068533,1667.19873046875,0.0,0.21310311555862427,1211.056884765625,0.0,0.21394982933998108,1856.485595703125,142.39942932128906,0.778144359588623,1117.699462890625,86.57304382324219,0.810634970664978,1854.940673828125,490.9556579589844,0.8468135595321655,1099.74755859375,369.1761474609375,0.8480888605117798,1544.16650390625,517.96337890625,0.9896826148033142,1241.3212890625,480.45294189453125,0.9899280667304993,1496.2293701171875,939.9791259765625,0.8628175258636475,1155.5341796875,821.0319213867188,0.8574554920196533,1463.9696044921875,1078.7899169921875,0.4155259430408478,1243.481201171875,981.0445556640625,0.43395039439201355
30,1017.2127685546875,0.54766845703125,1917.4376220703125,1063.753173828125,0.9636227488517761,0,2,1426.946533203125,8.772354125976562,0.0032449872232973576,1470.38720703125,0.0,0.0010471855057403445,1420.294921875,0.0,0.0007544157560914755,1523.3291015625,0.0,0.0047855256125330925,1373.73974609375,0.0,0.0024427941534668207,1658.37890625,0.0,0.24210453033447266,1209.0748291015625,0.0,0.20900510251522064,1843.66455078125,139.587158203125,0.7873584032058716,1114.502685546875,88.3590087890625,0.7811181545257568,1847.783935546875,487.27484130859375,0.8518543243408203,1101.4510498046875,379.3525390625,0.8335643410682678,1546.612060546875,497.27117919921875,0.9889925122261047,1249.2374267578125,463.9902648925781,0.9884479641914368,1503.067138671875,907.4067993164062,0.8926203846931458,1165.276123046875,802.75830078125,0.8809220194816589,1453.92578125,1077.773681640625,0.5005242228507996,1237.5931396484375,1003.489501953125,0.5018582344055176
31,1022.0473022460938,0.0,1911.9541015625,1064.730712890625,0.9679046273231506,0,1,1409.2158203125,11.819915771484375,0.004005996976047754,1447.2603759765625,0.0,0.0015475699910894036,1400.1405029296875,0.0,0.0008487626328133047,1506.900390625,0.0,0.00877858605235815,1363.2501220703125,0.0,0.0025588301941752434,1648.7874755859375,0.0,0.3114091753959656,1216.2374267578125,0.0,0.34212303161621094,1832.5213623046875,155.9036865234375,0.8233715295791626,1108.69384765625,95.95710754394531,0.8556922078132629,1828.306640625,473.73797607421875,0.8664135336875916,1103.0084228515625,384.2076416015625,0.8767729997634888,1521.7122802734375,494.3941650390625,0.9948980212211609,1239.9853515625,450.6025390625,0.9952111840248108,1480.454833984375,925.0382080078125,0.9417389035224915,1174.3515625,795.4661865234375,0.9475688338279724,1441.5919189453125,1080.0,0.6333022713661194,1238.7716064453125,1001.4774169921875,0.6840541362762451
32,1021.622314453125,0.64324951171875,1899.8404541015625,1064.99658203125,0.962946355342865,0,1,1412.615234375,13.071487426757812,0.004718904383480549,1442.457275390625,0.0,0.0016439188038930297,1402.2357177734375,0.0,0.0010802025208249688,1486.5428466796875,0.0,0.008570253849029541,1363.7164306640625,0.0,0.0035793432034552097,1632.89013671875,0.0,0.37564170360565186,1209.934814453125,0.0,0.39938557147979736,1817.0599365234375,161.9171905517578,0.8497165441513062,1107.557861328125,104.13784790039062,0.8731266260147095,1822.860595703125,469.563720703125,0.8780619502067566,1098.153564453125,391.8780212402344,0.8865877985954285,1517.6260986328125,471.0184020996094,0.9960296154022217,1242.3248291015625,442.19366455078125,0.9962280988693237,1501.936279296875,834.6925048828125,0.9700027704238892,1171.7886962890625,764.1699829101562,0.9725307822227478,1450.791259765625,1057.1597900390625,0.8119360208511353,1246.865478515625,1004.2538452148438,0.8328148722648621
33,1021.119873046875,0.0,1884.47021484375,1067.175048828125,0.9642928242683411,0,1,1411.157470703125,40.6431884765625,0.012897045351564884,1443.93505859375,15.543800354003906,0.005129726603627205,1396.8349609375,17.692840576171875,0.003504890250042081,1488.15576171875,0.0,0.01482365932315588,1345.976318359375,0.0,0.007143850438296795,1627.2666015625,0.0,0.45512065291404724,1197.121826171875,0.0,0.4020601212978363,1810.9581298828125,167.07278442382812,0.8440840840339661,1099.239013671875,118.1008529663086,0.8161130547523499,1809.3603515625,481.30364990234375,0.8491559028625488,1090.75634765625,403.323974609375,0.835118293762207,1526.7413330078125,448.5191345214844,0.9955627918243408,1244.13330078125,423.859375,0.9951240420341492,1502.89990234375,813.1766357421875,0.9629855751991272,1162.0654296875,756.986572265625,0.9615105986595154,1456.4827880859375,1053.94287109375,0.7396555542945862,1237.0233154296875,999.3546752929688,0.7502965331077576
34,998.25146484375,0.72088623046875,1877.076416015625,1067.6968994140625,0.9611395597457886,0,1,1376.5594482421875,32.486114501953125,0.016364464536309242,1407.3218994140625,5.101776123046875,0.006127533037215471,1358.2913818359375,11.570091247558594,0.004604992922395468,1449.1534423828125,0.0,0.016607757657766342,1302.817138671875,0.0,0.009380369447171688,1600.9940185546875,0.0,0.5121360421180725,1166.79443359375,0.0,0.46993696689605713,1802.491943359375,169.244873046875,0.8520733118057251,1096.1922607421875,143.33584594726562,0.841008722782135,1795.7222900390625,476.2810363769531,0.8517299890518188,1085.416259765625,410.85260009765625,0.851190984249115,1528.462890625,440.3579406738281,0.9958720803260803,1243.16064453125,424.21551513671875,0.9956513047218323,1513.728759765625,791.7919921875,0.9674398303031921,1160.510498046875,750.3253784179688,0.9674316048622131,1461.1446533203125,1042.8570556640625,0.7685218453407288,1240.114501953125,993.865478515625,0.7818636298179626
35,1015.80029296875,1.32330322265625,1869.4603271484375,1066.8380126953125,0.9620974063873291,0,1,1371.527587890625,37.02415466308594,0.020293522626161575,1405.4130859375,10.9713134765625,0.007853729650378227,1353.7828369140625,14.074539184570312,0.0056066326797008514,1452.6630859375,0.0,0.020080633461475372,1301.31103515625,0.0,0.010172572918236256,1596.4412841796875,0.0,0.5299761295318604,1174.1158447265625,0.0,0.5102073550224304,1789.75,175.15386962890625,0.8477379679679871,1093.863037109375,152.30987548828125,0.850334882736206,1784.638916015625,479.3918151855469,0.8462175726890564,1081.978271484375,414.63677978515625,0.8551747798919678,1521.3292236328125,452.8439025878906,0.99569171667099,1245.30224609375,430.85400390625,0.995642900466919,1492.9150390625,823.8267822265625,0.9631869196891785,1172.247314453125,754.483154296875,0.9645972847938538,1451.911376953125,1063.9521484375,0.7320913076400757,1240.3883056640625,994.8590698242188,0.7575659155845642
36,994.294921875,0.46087646484375,1863.777099609375,1067.394775390625,0.9577035903930664,0,1,1345.0606689453125,35.26263427734375,0.013024362735450268,1377.693359375,12.502899169921875,0.004659363068640232,1332.42431640625,12.408828735351562,0.003515423508360982,1420.4365234375,0.0,0.01500923465937376,1285.1668701171875,0.0,0.008154829032719135,1574.7147216796875,0.0,0.4990920126438141,1155.670166015625,0.0,0.5092595815658569,1785.050537109375,184.048583984375,0.850253164768219,1092.17919921875,162.53480529785156,0.8760144114494324,1776.4573974609375,486.662841796875,0.8519476652145386,1079.1844482421875,425.73724365234375,0.878481388092041,1522.482666015625,455.6925048828125,0.9962117671966553,1247.2962646484375,434.300537109375,0.996455192565918,1505.547607421875,818.5819091796875,0.9654917120933533,1171.625,745.72705078125,0.9693352580070496,1462.6131591796875,1042.267578125,0.7514249682426453,1240.3839111328125,988.7349853515625,0.7847067713737488
37,1002.0719604492188,1.04571533203125,1851.7965087890625,1067.123046875,0.9603270888328552,0,1,1312.172119140625,28.246376037597656,0.016959311440587044,1341.2705078125,4.7147369384765625,0.006710604764521122,1299.9168701171875,7.50201416015625,0.004311655182391405,1386.830810546875,0.0,0.021508116275072098,1262.691162109375,0.0,0.008730858564376831,1557.078125,0.0,0.5443095564842224,1145.437255859375,0.0,0.5148657560348511,1770.6016845703125,184.35791015625,0.8538214564323425,1088.206298828125,169.72848510742188,0.8610838055610657,1771.140869140625,485.1457214355469,0.8494828343391418,1076.058349609375,434.9687805175781,0.8623411655426025,1518.3936767578125,445.562255859375,0.9958406090736389,1248.458251953125,429.69854736328125,0.9959173798561096,1500.38623046875,802.8087158203125,0.9663785099983215,1170.4361572265625,745.6351318359375,0.9690071940422058,1456.373046875,1042.4603271484375,0.7611027359962463,1241.6514892578125,1005.884033203125,0.7885369062423706
38,998.5784912109375,1.8936767578125,1841.392822265625,1066.9954833984375,0.961200475692749,0,1,1248.8935546875,17.998306274414062,0.03126602992415428,1275.2060546875,0.0,0.012783825397491455,1236.16162109375,0.0,0.007127837743610144,1325.505859375,0.0,0.04095117002725601,1210.4189453125,0.0,0.012403389438986778,1518.7142333984375,4.178077697753906,0.6996541023254395,1124.8896484375,6.196907043457031,0.6744091510772705,1763.65576171875,192.3323974609375,0.8908064961433411,1086.4552001953125,194.70150756835938,0.9075736403465271,1765.62353515625,487.0163269042969,0.8765748143196106,1073.6240234375,446.51885986328125,0.8971396088600159,1510.329345703125,453.35498046875,0.996466875076294,1253.698974609375,439.7855224609375,0.9967272281646729,1481.450439453125,844.0120849609375,0.9536548256874084,1184.656982421875,777.058837890625,0.9603343605995178,1442.629638671875,1045.5126953125,0.6413182616233826,1242.16943359375,998.2175903320312,0.6953434944152832
39,977.6781005859375,2.318115234375,1834.661376953125,1065.448974609375,0.9584232568740845,0,1,1236.919189453125,11.37158203125,0.04560638591647148,1263.611083984375,0.0,0.017469456419348717,1222.101318359375,0.0,0.010377206839621067,1309.2205810546875,0.0,0.05049431324005127,1189.8653564453125,0.0,0.017688686028122902,1497.48583984375,14.907600402832031,0.7815197706222534,1112.3843994140625,19.0770263671875,0.7675937414169312,1751.203857421875,199.35317993164062,0.9144045114517212,1085.045654296875,208.68814086914062,0.9319760203361511,1757.799560546875,489.1513671875,0.8948747515678406,1069.43359375,455.3160095214844,0.9177454113960266,1510.172607421875,460.58331298828125,0.9972230195999146,1258.44873046875,448.4415283203125,0.997492790222168,1476.2763671875,871.5511474609375,0.9510141015052795,1192.5745849609375,799.5712280273438,0.9588614702224731,1444.190185546875,1049.46435546875,0.5866650342941284,1245.584716796875,992.9906616210938,0.6504135131835938
40,968.5332641601562,2.234344482421875,1828.42041015625,1066.145751953125,0.961559534072876,0,1,1232.591064453125,11.99029541015625,0.05082027241587639,1259.25927734375,0.0,0.019403399899601936,1218.11376953125,0.0,0.011106976307928562,1303.844970703125,0.0,0.05594607815146446,1184.705810546875,0.0,0.018587760627269745,1492.0443115234375,16.073753356933594,0.8214097619056702,1108.5723876953125,20.53923797607422,0.8053327202796936,1742.4180908203125,207.18553161621094,0.9305844902992249,1084.340576171875,217.28379821777344,0.9410564303398132,1753.7236328125,494.46405029296875,0.9081745147705078,1063.046630859375,463.67559814453125,0.9242410063743591,1517.156982421875,450.246337890625,0.9981032609939575,1266.08984375,438.0088806152344,0.9982531666755676,1477.6072998046875,853.7523193359375,0.9716733694076538,1188.177490234375,776.353515625,0.9754485487937927,1450.373046875,1058.3189697265625,0.7152442932128906,1249.71044921875,993.6666259765625,0.7649198174476624
41,974.1156005859375,2.220428466796875,1821.9671630859375,1065.74365234375,0.9517360329627991,0,1,1221.8336181640625,16.090736389160156,0.037910595536231995,1248.629150390625,0.0,0.015150858089327812,1211.234619140625,0.0,0.008001063950359821,1295.087890625,0.0,0.04827605187892914,1185.0076904296875,0.0,0.01426998246461153,1484.7421875,11.977752685546875,0.7835848331451416,1108.441162109375,16.07837677001953,0.7516070604324341,1728.3662109375,209.26486206054688,0.9201709628105164,1086.139404296875,228.391845703125,0.9257416725158691,1746.7203369140625,495.2169189453125,0.8973455429077148,1060.53857421875,473.49169921875,0.9093312621116638,1515.6632080078125,433.1993408203125,0.9977747797966003,1270.07080078125,421.48321533203125,0.9978906512260437,1471.47998046875,829.2510986328125,0.9757625460624695,1188.80615234375,751.9425048828125,0.9784491062164307,1432.624755859375,1046.5975341796875,0.7708466649055481,1240.8995361328125,998.3397216796875,0.8097819089889526
42,963.194091796875,3.32135009765625,1815.46875,1065.7169189453125,0.9512189626693726,0,1,1218.9769287109375,13.594825744628906,0.07159775495529175,1245.0272216796875,0.0,0.028668904677033424,1207.09423828125,0.0,0.015402162447571754,1287.7115478515625,0.0,0.06851089000701904,1175.885009765625,0.0,0.021061252802610397,1473.19677734375,12.761489868164062,0.8418759107589722,1102.085205078125,21.072715759277344,0.8161230683326721,1718.828857421875,212.06088256835938,0.9337097406387329,1085.21923828125,233.8780975341797,0.9357559084892273,1739.0496826171875,498.0991516113281,0.9116219282150269,1060.1136474609375,484.0955810546875,0.9191020727157593,1524.429443359375,412.563720703125,0.9980974793434143,1280.4981689453125,405.8786315917969,0.9981898665428162,1487.54248046875,791.4581909179688,0.9830101132392883,1191.6734619140625,726.0327758789062,0.9846798777580261,1467.616943359375,1030.689208984375,0.8319626450538635,1252.0615234375,994.206298828125,0.8601599335670471
43,957.6348266601562,3.58355712890625,1813.953125,1067.4794921875,0.9570279121398926,0,1,1212.11083984375,12.940658569335938,0.05974758043885231,1236.0928955078125,0.0,0.022853394970297813,1198.7491455078125,0.0,0.013284945860505104,1275.529052734375,0.0,0.05828380584716797,1164.9892578125,0.0,0.020910918712615967,1463.8489990234375,14.981437683105469,0.8304288983345032,1094.7982177734375,32.10198211669922,0.8152859807014465,1705.924072265625,209.3521270751953,0.9281661510467529,1084.327392578125,250.47789001464844,0.9364163875579834,1735.2978515625,498.28826904296875,0.9000222682952881,1054.0220947265625,490.85400390625,0.9154823422431946,1525.69091796875,422.18658447265625,0.9981911778450012,1282.0294189453125,418.9677734375,0.9983223080635071,1491.25048828125,793.7890625,0.9846674799919128,1188.197998046875,728.5892944335938,0.986383855342865,1466.736328125,1043.5096435546875,0.8510114550590515,1252.989013671875,998.4786987304688,0.8778105974197388
44,945.1380615234375,3.4969482421875,1810.032958984375,1065.361083984375,0.9577645659446716,0,1,1201.661865234375,9.616676330566406,0.06988634169101715,1225.750732421875,0.0,0.0277470201253891,1190.1771240234375,0.0,0.015573694370687008,1267.1441650390625,0.0,0.06907776743173599,1161.4339599609375,0.0,0.022522633895277977,1459.57421875,22.16539764404297,0.8337149620056152,1095.5269775390625,38.22681427001953,0.834105372428894,1704.126708984375,211.49307250976562,0.919660747051239,1085.5244140625,257.65557861328125,0.9372563362121582,1730.501220703125,494.5212707519531,0.8903346061706543,1049.49609375,497.0040283203125,0.9134379029273987,1529.5819091796875,406.5158386230469,0.9980463981628418,1289.91259765625,402.14532470703125,0.9982940554618835,1490.85498046875,751.877685546875,0.9882856607437134,1187.996337890625,680.4727172851562,0.990151584148407,1467.4852294921875,1022.2135620117188,0.8968014121055603,1254.6673583984375,985.866943359375,0.9190056324005127
45,942.7494506835938,3.767120361328125,1804.07275390625,1065.733642578125,0.9553239345550537,0,1,1099.2052001953125,8.368698120117188,0.10799835622310638,1124.3262939453125,0.0,0.07250723987817764,1094.5238037109375,0.0,0.01652013324201107,1207.5052490234375,0.0,0.19774098694324493,1108.966796875,0.0,0.01237952895462513,1442.567626953125,30.04492950439453,0.8665330410003662,1091.5667724609375,53.25984191894531,0.8015215992927551,1697.704345703125,208.26895141601562,0.9204664826393127,1083.95361328125,267.8398742675781,0.8993642926216125,1726.2509765625,494.5124816894531,0.8896769881248474,1045.010009765625,502.3190002441406,0.8680669069290161,1529.16943359375,400.575439453125,0.9975710511207581,1295.1868896484375,394.5386962890625,0.9975201487541199,1498.6104736328125,741.541748046875,0.9882844686508179,1190.3409423828125,662.3329467773438,0.9891631603240967,1490.0379638671875,1009.0951538085938,0.9014250040054321,1254.933837890625,990.6102905273438,0.9214940071105957
46,938.32470703125,0.92852783203125,1800.9005126953125,1063.52587890625,0.9585621953010559,0,1,1041.2421875,2.1674652099609375,0.12030389904975891,1069.337158203125,0.0,0.09513235092163086,1046.7135009765625,0.0,0.013027447275817394,1187.798828125,0.0,0.29374831914901733,1100.63916015625,0.0,0.008125288411974907,1436.069580078125,43.04072570800781,0.9120643734931946,1108.41796875,49.77955627441406,0.8423080444335938,1687.7900390625,209.76036071777344,0.9419490098953247,1082.2872314453125,290.77056884765625,0.9131485223770142,1722.394287109375,496.2541809082031,0.9267520904541016,1036.3519287109375,502.41094970703125,0.8950431942939758,1522.639404296875,430.2801818847656,0.9979876279830933,1308.876220703125,406.77496337890625,0.99790358543396,1467.749755859375,794.30712890625,0.9925837516784668,1215.36376953125,645.133056640625,0.9925248026847839,1454.34130859375,1057.694091796875,0.9380691051483154,1260.75390625,981.3220825195312,0.9513382911682129
47,935.2236328125,0.50372314453125,1795.3099365234375,1064.5457763671875,0.9597365260124207,0,1,1026.4866943359375,5.38018798828125,0.1451280564069748,1051.7603759765625,0.0,0.11496550589799881,1032.2969970703125,0.0,0.01709345541894436,1168.30224609375,0.0,0.3140835762023926,1091.675048828125,0.0,0.009993024170398712,1424.8973388671875,41.301544189453125,0.9093533158302307,1106.097900390625,52.73126220703125,0.849139392375946,1686.3115234375,196.45651245117188,0.9314919710159302,1086.665283203125,294.5489501953125,0.9110612869262695,1717.422119140625,482.8140563964844,0.9147322773933411,1034.3148193359375,511.16546630859375,0.8909386396408081,1518.887939453125,435.32269287109375,0.9973829388618469,1310.3243408203125,412.2393493652344,0.9974271655082703,1469.6531982421875,805.9627075195312,0.9896582961082458,1216.4542236328125,653.0450439453125,0.9901682138442993,1454.5517578125,1069.397216796875,0.9135542511940002,1258.9503173828125,984.1561889648438,0.9343449473381042
48,932.0414428710938,2.22637939453125,1794.88134765625,1065.22900390625,0.9593993425369263,0,1,1018.1453247070312,4.2918548583984375,0.15022391080856323,1040.9251708984375,0.0,0.13186970353126526,1025.22412109375,0.0,0.01810005120933056,1155.2127685546875,0.0,0.3585894703865051,1087.98095703125,0.0,0.010485063306987286,1420.63427734375,46.733001708984375,0.9144980907440186,1110.4404296875,69.56352996826172,0.8312180638313293,1688.73486328125,191.18692016601562,0.9264109134674072,1088.9161376953125,304.05731201171875,0.8825804591178894,1718.889892578125,476.66412353515625,0.899010181427002,1036.6732177734375,515.9591064453125,0.851594865322113,1526.532470703125,425.64349365234375,0.997316300868988,1324.259765625,407.6910095214844,0.9970985651016235,1473.3524169921875,774.7757568359375,0.9906576871871948,1220.412841796875,635.65283203125,0.9903848171234131,1448.6766357421875,1062.9208984375,0.9225520491600037,1255.1319580078125,983.32568359375,0.9382945895195007
49,928.7865600585938,1.83306884765625,1794.7613525390625,1064.945556640625,0.9579073190689087,0,1,1021.0107421875,10.124359130859375,0.15136951208114624,1040.54296875,0.0,0.12324752658605576,1028.9256591796875,0.0,0.02085193619132042,1147.591064453125,0.0,0.3298047184944153,1093.9639892578125,0.0,0.013184500858187675,1421.074951171875,43.09698486328125,0.899854838848114,1109.8223876953125,66.50953674316406,0.8530752658843994,1687.962646484375,181.47113037109375,0.9053845405578613,1085.7330322265625,306.5933837890625,0.8989881873130798,1718.886474609375,457.881591796875,0.873823344707489,1033.8653564453125,519.8409423828125,0.8619861602783203,1526.9998779296875,430.48681640625,0.9967849254608154,1323.113525390625,410.0401611328125,0.99704509973526,1476.1212158203125,789.2411499023438,0.9876807928085327,1209.8470458984375,632.678466796875,0.989035427570343,1447.099609375,1080.0,0.8985446691513062,1253.607177734375,982.0748291015625,0.9263746738433838
50,928.266357421875,2.234893798828125,1795.921142578125,1065.221435546875,0.9596887826919556,0,1,1023.165771484375,11.6011962890625,0.15195731818675995,1041.409423828125,0.0,0.12040681391954422,1028.6497802734375,0.0,0.019606780260801315,1148.4736328125,0.0,0.3320547044277191,1089.425048828125,0.0,0.012011135928332806,1418.362060546875,42.440185546875,0.9171872138977051,1107.384765625,79.892578125,0.8702772855758667,1684.979248046875,175.7864990234375,0.9301537275314331,1081.97705078125,311.4472961425781,0.9162640571594238,1717.0264892578125,444.5259704589844,0.9058513045310974,1033.0645751953125,523.5784301757812,0.8846603035926819,1525.048583984375,417.466796875,0.9980002045631409,1320.568359375,408.32135009765625,0.9980879426002502,1470.23046875,753.98095703125,0.9930750131607056,1203.1292724609375,641.6259765625,0.9935378432273865,1461.4241943359375,1050.12890625,0.9419593811035156,1252.8192138671875,993.1864013671875,0.9553543329238892
51,922.5664672851562,0.92376708984375,1799.059326171875,1064.6455078125,0.9613808989524841,0,1,1026.07763671875,14.805450439453125,0.152888685464859,1042.197509765625,0.0,0.11406577378511429,1029.7705078125,0.0,0.018765956163406372,1144.4453125,0.0,0.3202437162399292,1088.4971923828125,0.0,0.011891220696270466,1408.397216796875,32.75115966796875,0.9299500584602356,1103.54638671875,88.17059326171875,0.8878098130226135,1672.3399658203125,147.92935180664062,0.9463834166526794,1078.9544677734375,333.70050048828125,0.9294140934944153,1716.6009521484375,427.36932373046875,0.9257363677024841,1023.5389404296875,529.60791015625,0.9041522741317749,1516.900390625,420.38421630859375,0.9983737468719482,1316.9541015625,420.0856018066406,0.9983839988708496,1463.536865234375,755.5508422851562,0.9944696426391602,1207.4537353515625,655.7786865234375,0.9945192933082581,1463.646728515625,1049.316162109375,0.9545776844024658,1261.79541015625,998.615966796875,0.9632710218429565
52,923.8602905273438,0.816650390625,1800.5009765625,1064.155517578125,0.9603368043899536,0,1,1025.6656494140625,17.81414794921875,0.2395583987236023,1044.24951171875,0.0,0.18791569769382477,1026.855224609375,0.0,0.03364972397685051,1154.27587890625,0.0,0.3815740644931793,1081.999755859375,0.0,0.01564587466418743,1412.49853515625,32.326812744140625,0.932961642742157,1106.0489501953125,90.56886291503906,0.8963872790336609,1671.424560546875,136.358642578125,0.9370839595794678,1075.177978515625,332.8077087402344,0.9222825765609741,1714.93896484375,413.06756591796875,0.9155122637748718,1021.2183837890625,531.14453125,0.8957601189613342,1513.548583984375,421.982666015625,0.9978247880935669,1313.431396484375,420.87103271484375,0.9978988170623779,1459.1353759765625,753.3914794921875,0.9935007691383362,1212.23828125,646.4037475585938,0.9937397241592407,1461.0447998046875,1056.8822021484375,0.9492478966712952,1258.89892578125,994.760009765625,0.9597678184509277
53,921.0411987304688,2.433837890625,1804.812744140625,1065.4676513671875,0.9605371356010437,0,1,1026.622802734375,12.287384033203125,0.25911039113998413,1044.4176025390625,0.0,0.21144767105579376,1029.389892578125,0.0,0.03827064111828804,1151.205810546875,0.0,0.4356897175312042,1083.862548828125,0.0,0.019043076783418655,1410.0084228515625,42.090362548828125,0.9512947201728821,1104.0576171875,108.77838134765625,0.9082411527633667,1666.3349609375,136.9886474609375,0.9480765461921692,1075.11083984375,342.293212890625,0.9180192947387695,1718.607421875,393.68865966796875,0.9172475934028625,1018.6982421875,538.3382568359375,0.875337541103363,1508.2357177734375,414.72540283203125,0.9984447360038757,1306.95166015625,420.13922119140625,0.9983139038085938,1466.295166015625,740.0482177734375,0.9948544502258301,1203.7452392578125,655.6754150390625,0.9945534467697144,1451.0013427734375,1042.5728759765625,0.9555213451385498,1252.3626708984375,1001.99169921875,0.9621662497520447
54,921.977783203125,3.376556396484375,1808.793212890625,1064.8389892578125,0.9597130417823792,0,1,1031.26171875,13.265121459960938,0.22887416183948517,1048.8858642578125,0.0,0.1810590773820877,1034.578857421875,0.0,0.033644575625658035,1152.3040771484375,0.0,0.4026300311088562,1086.941650390625,0.0,0.018050692975521088,1409.302490234375,43.37150573730469,0.9489601254463196,1099.921142578125,116.06048583984375,0.9030759334564209,1662.9693603515625,134.0416259765625,0.9481520056724548,1069.99169921875,351.212158203125,0.915299654006958,1717.6893310546875,378.22467041015625,0.9165273308753967,1014.5692749023438,543.1439208984375,0.8696423172950745,1503.1796875,416.2933044433594,0.9985091090202332,1299.5992431640625,426.1153564453125,0.9983484745025635,1470.3397216796875,714.905517578125,0.9958170056343079,1198.983154296875,643.66748046875,0.9954622387886047,1448.8984375,1023.100830078125,0.9674288034439087,1251.49462890625,1001.9615478515625,0.9712786078453064
55,913.6087646484375,3.511505126953125,1807.47802734375,1064.376953125,0.9623436331748962,0,1,1033.1533203125,15.171340942382812,0.27221474051475525,1051.62646484375,0.0,0.22006157040596008,1035.325439453125,0.0,0.04306383430957794,1152.58544921875,0.0,0.4190351366996765,1083.83642578125,0.0,0.020238101482391357,1402.8798828125,42.541717529296875,0.9464932680130005,1100.772705078125,122.60140228271484,0.8986509442329407,1652.8699951171875,119.50323486328125,0.9425086379051208,1067.5576171875,359.13201904296875,0.9036552309989929,1714.0125732421875,361.6402587890625,0.9092513918876648,1011.3331298828125,547.5181884765625,0.8562391400337219,1507.3193359375,415.675048828125,0.9981532692909241,1307.6983642578125,428.40673828125,0.9979355335235596,1458.84912109375,703.571533203125,0.9956099390983582,1194.6116943359375,632.58447265625,0.9950957894325256,1447.5390625,1027.064453125,0.9676763415336609,1239.4564208984375,1003.4354248046875,0.9708606600761414
56,911.8289794921875,3.4083251953125,1804.284423828125,1063.90625,0.9627861976623535,0,1,1030.561279296875,16.95428466796875,0.301692932844162,1047.7510986328125,0.0,0.24417367577552795,1032.15625,0.0,0.05070110037922859,1144.517578125,0.0,0.4267502725124359,1079.151123046875,0.0,0.0230263639241457,1394.2215576171875,43.09776306152344,0.9466134309768677,1097.2991943359375,129.28561401367188,0.8989800810813904,1641.93603515625,113.93083190917969,0.9396249651908875,1065.5936279296875,370.6619873046875,0.8989817500114441,1714.5589599609375,352.88409423828125,0.9038264155387878,1007.1945190429688,556.284912109375,0.8500964641571045,1509.1326904296875,411.4732666015625,0.9978808164596558,1310.9874267578125,427.4323425292969,0.9976363182067871,1458.7161865234375,701.99951171875,0.9950668811798096,1184.867919921875,635.7935791015625,0.9944478273391724,1444.78955078125,1026.4166259765625,0.9637537598609924,1219.99169921875,1004.68212890625,0.9669536352157593
57,910.87060546875,1.655731201171875,1790.384765625,1065.95751953125,0.9613398313522339,0,1,1035.591552734375,20.718978881835938,0.5450716614723206,1050.9884033203125,0.0,0.4581986963748932,1028.3070068359375,2.489593505859375,0.09961008280515671,1155.1212158203125,0.0,0.5530794858932495,1063.145751953125,8.427520751953125,0.02600550465285778,1404.2967529296875,32.60508728027344,0.9515362977981567,1100.72314453125,133.6621856689453,0.931679368019104,1637.751708984375,98.60517883300781,0.9451037049293518,1064.006591796875,374.55621337890625,0.9249341487884521,1703.219970703125,327.8813171386719,0.929111123085022,999.3577880859375,565.8759765625,0.908586859703064,1517.390380859375,406.34356689453125,0.9970489144325256,1319.2060546875,426.74969482421875,0.9970170259475708,1445.06787109375,678.6630859375,0.9927598237991333,1175.66845703125,633.2767333984375,0.9932177662849426,1449.888671875,1029.421630859375,0.9439393877983093,1218.04345703125,1012.6866455078125,0.9553257822990417
58,909.4522705078125,1.60272216796875,1785.2413330078125,1065.996337890625,0.9626818895339966,0,1,1031.889404296875,21.03387451171875,0.4747549593448639,1046.023681640625,0.0,0.38676029443740845,1025.5947265625,3.73406982421875,0.07730606943368912,1148.45947265625,0.0,0.5003730654716492,1062.30322265625,11.732162475585938,0.022241780534386635,1400.980712890625,31.320465087890625,0.9400102496147156,1102.0267333984375,139.42813110351562,0.9199855923652649,1628.3173828125,87.97604370117188,0.9380465745925903,1065.272216796875,381.15838623046875,0.9220131039619446,1701.6500244140625,314.03521728515625,0.9228639602661133,997.578857421875,567.5852661132812,0.9078881740570068,1526.115966796875,404.6531066894531,0.9967378973960876,1328.6510009765625,428.4427185058594,0.9968063831329346,1452.33740234375,668.7529296875,0.9925827980041504,1172.2637939453125,629.7921752929688,0.9932312965393066,1447.74951171875,1020.8831176757812,0.9464889168739319,1202.5244140625,1012.2264404296875,0.9577195644378662
59,909.703125,1.295654296875,1784.025146484375,1067.9207763671875,0.9611478447914124,0,1,1030.94580078125,32.086761474609375,0.5889405012130737,1045.36474609375,0.0,0.49185681343078613,1022.0571899414062,13.423690795898438,0.11757455766201019,1149.315673828125,0.0,0.5603380799293518,1055.3594970703125,19.08197021484375,0.02849588356912136,1403.916259765625,38.577117919921875,0.9503825902938843,1100.2188720703125,148.61297607421875,0.9425768852233887,1627.950927734375,91.78019714355469,0.9412018060684204,1063.18408203125,391.2981262207031,0.9367768168449402,1698.9100341796875,304.35455322265625,0.9270811080932617,995.6365356445312,568.70166015625,0.9211776256561279,1531.272705078125,401.5401611328125,0.997053861618042,1329.810302734375,423.3760986328125,0.9973121881484985,1444.142578125,665.1094360351562,0.9935757517814636,1151.6107177734375,615.8017578125,0.9944018721580505,1450.720703125,1026.38623046875,0.9514140486717224,1190.5677490234375,1002.0796508789062,0.9630657434463501
60,914.1106567382812,1.6365966796875,1787.4210205078125,1066.0772705078125,0.9602560997009277,0,1,1024.91552734375,27.280792236328125,0.5020893216133118,1040.55517578125,0.0,0.399904727935791,1016.1298828125,9.07305908203125,0.08490730077028275,1144.42578125,0.0,0.4986691176891327,1049.460693359375,18.626129150390625,0.023372801020741463,1393.049072265625,40.58171081542969,0.9411711692810059,1099.364013671875,152.78421020507812,0.9360665082931519,1612.1715087890625,80.36366271972656,0.9378731846809387,1062.89404296875,392.29833984375,0.9381590485572815,1698.281982421875,288.6083984375,0.9230612516403198,993.2083740234375,569.3516845703125,0.9227705597877502,1530.0633544921875,401.34796142578125,0.9973614811897278,1333.92431640625,424.19287109375,0.9976588487625122,1439.07080078125,656.6271362304688,0.9947577118873596,1148.703125,605.235107421875,0.9955214262008667,1455.23291015625,1022.4369506835938,0.9625789523124695,1181.62646484375,993.3480834960938,0.9720128774642944
61,915.4411010742188,2.1829833984375,1788.130615234375,1065.03271484375,0.9608607292175293,0,1,1028.02197265625,32.977203369140625,0.6213805675506592,1041.607666015625,0.0,0.5297341346740723,1016.1659545898438,16.101104736328125,0.13314278423786163,1142.67529296875,0.0,0.5775715708732605,1047.040771484375,27.583602905273438,0.03159079700708389,1396.49267578125,39.277679443359375,0.9561465978622437,1099.85498046875,157.86827087402344,0.9431251883506775,1604.593994140625,74.74095153808594,0.9456939697265625,1067.2645263671875,393.5636901855469,0.9323578476905823,1697.4144287109375,282.4717102050781,0.9276207685470581,993.2960815429688,570.383056640625,0.9146543741226196,1532.39453125,393.96630859375,0.9973280429840088,1333.2799072265625,418.29608154296875,0.997403085231781,1443.866455078125,636.9735717773438,0.9953542947769165,1140.986083984375,587.2586059570312,0.9956284761428833,1439.411376953125,1027.7340087890625,0.9676992297172546,1173.4373779296875,986.7244873046875,0.9743461608886719
62,922.1057739257812,2.23114013671875,1787.69189453125,1061.34228515625,0.9585068225860596,0,1,1029.56298828125,47.780181884765625,0.7315883040428162,1040.00048828125,6.8199462890625,0.6453313231468201,1013.96240234375,30.393768310546875,0.207429900765419,1130.521728515625,0.0,0.6214515566825867,1039.183349609375,37.07469177246094,0.043440379202365875,1384.6461181640625,37.95588684082031,0.9649397134780884,1095.73876953125,163.58056640625,0.952369749546051,1592.685791015625,72.59761047363281,0.9510342478752136,1066.4036865234375,400.14801025390625,0.9337854385375977,1696.50048828125,275.61944580078125,0.9321898818016052,992.7943725585938,576.5121459960938,0.9161088466644287,1541.26416015625,387.3614501953125,0.997184693813324,1345.86328125,416.0649719238281,0.9972021579742432,1442.462158203125,607.861083984375,0.9956803321838379,1136.3826904296875,567.7113647460938,0.9957467913627625,1446.4039306640625,1015.3204345703125,0.9709897041320801,1172.781494140625,977.186767578125,0.9759909510612488
63,929.256591796875,4.9603271484375,1783.57763671875,1059.178955078125,0.9576097726821899,0,1,1024.419189453125,55.964080810546875,0.7672986388206482,1032.9327392578125,15.037948608398438,0.7347538471221924,1011.79736328125,39.984375,0.2594211995601654,1122.362060546875,0.0,0.7180920839309692,1039.7724609375,47.045196533203125,0.052649423480033875,1375.23388671875,45.69635009765625,0.976050078868866,1092.71826171875,177.566650390625,0.9369012117385864,1581.93701171875,74.87384033203125,0.9594411849975586,1065.0390625,407.18170166015625,0.8809200525283813,1697.115478515625,268.3546447753906,0.9287503957748413,994.5655517578125,581.7530517578125,0.8346918225288391,1530.3133544921875,377.735107421875,0.9973475933074951,1334.43115234375,411.03948974609375,0.9963514804840088,1454.097900390625,605.91796875,0.9966800212860107,1127.9539794921875,574.8458251953125,0.9952953457832336,1447.1988525390625,1023.1783447265625,0.9770421981811523,1167.260986328125,981.235107421875,0.9756180644035339
64,934.6382446289062,4.2930908203125,1783.13427734375,1062.2779541015625,0.9604185819625854,0,1,1021.2333984375,61.561248779296875,0.8188397288322449,1029.26806640625,19.0213623046875,0.809648334980011,1005.6820678710938,45.46632385253906,0.30237796902656555,1118.021240234375,0.0,0.7847316861152649,1028.718017578125,51.966796875,0.0523005835711956,1369.2850341796875,45.62127685546875,0.9842371344566345,1081.469482421875,181.88345336914062,0.9331235289573669,1573.1611328125,74.42514038085938,0.9736841320991516,1068.232177734375,403.150634765625,0.8534054160118103,1695.966064453125,258.5109558105469,0.9477233290672302,998.2461547851562,576.96484375,0.8046814799308777,1523.037841796875,366.2296142578125,0.9980313181877136,1322.260009765625,404.43402099609375,0.9965224266052246,1455.8009033203125,578.1696166992188,0.9978654980659485,1110.2822265625,569.52880859375,0.996122419834137,1455.8427734375,1007.0931396484375,0.9852150678634644,1172.5142822265625,982.2916259765625,0.9812569618225098
65,941.1677856445312,4.8218994140625,1783.663330078125,1056.5679931640625,0.9569011330604553,0,1,1021.522705078125,70.00994110107422,0.8363555073738098,1027.690673828125,27.230941772460938,0.8324018716812134,1005.2940673828125,54.432037353515625,0.32587388157844543,1113.5567626953125,0.0,0.7888827919960022,1028.1533203125,57.90669250488281,0.051147617399692535,1363.2716064453125,42.81903076171875,0.9832744002342224,1083.802978515625,183.33164978027344,0.9200797080993652,1568.640380859375,72.91328430175781,0.9728028178215027,1069.1861572265625,401.91357421875,0.8239991664886475,1691.607421875,250.20751953125,0.9479506611824036,1002.0034790039062,579.1002197265625,0.7828436493873596,1526.8599853515625,361.6695556640625,0.9974015951156616,1331.6964111328125,404.9102783203125,0.9951480031013489,1454.612548828125,546.9076538085938,0.9975912570953369,1117.797607421875,560.8910522460938,0.995353102684021,1461.195556640625,977.751708984375,0.9850317239761353,1175.78564453125,977.2974243164062,0.9797248840332031
66,946.554931640625,4.48590087890625,1771.8511962890625,1058.70263671875,0.9571767449378967,0,1,1022.2996826171875,80.98127746582031,0.8782522678375244,1024.64892578125,37.33282470703125,0.8727585673332214,1005.0521850585938,68.21317291259766,0.40659472346305847,1104.3834228515625,0.0,0.8142953515052795,1028.4677734375,71.46411895751953,0.06146930530667305,1352.9200439453125,43.65325927734375,0.9859938621520996,1087.3258056640625,190.74700927734375,0.9331429600715637,1557.416748046875,72.61784362792969,0.9756643772125244,1072.134033203125,409.55718994140625,0.8340718746185303,1683.849609375,237.98043823242188,0.9510523676872253,1009.3668823242188,578.9166870117188,0.7877864241600037,1521.640625,369.3327941894531,0.9975536465644836,1333.921630859375,415.9472351074219,0.9953663349151611,1447.251220703125,531.6989135742188,0.997878909111023,1110.881591796875,554.5592041015625,0.9957754015922546,1481.247314453125,979.47607421875,0.9869313836097717,1182.034912109375,976.339599609375,0.981766402721405
67,953.28662109375,1.679168701171875,1771.276611328125,1059.5938720703125,0.9562671780586243,0,1,1023.94921875,90.09237670898438,0.9216412305831909,1026.43359375,40.35328674316406,0.9186422228813171,1002.55126953125,73.86048889160156,0.5056870579719543,1105.7705078125,0.0,0.8393887877464294,1023.3314208984375,78.94001770019531,0.0674576461315155,1345.1640625,42.99664306640625,0.9818515777587891,1093.4173583984375,201.67767333984375,0.9298204779624939,1543.9881591796875,68.71394348144531,0.9695671796798706,1064.15869140625,409.1304016113281,0.8056920170783997,1660.6424560546875,226.0242462158203,0.9470897912979126,1012.2167358398438,579.1435546875,0.7673341035842896,1533.9862060546875,351.2249450683594,0.9952312111854553,1355.985107421875,407.7095947265625,0.9910939335823059,1427.07177734375,505.58270263671875,0.994392454624176,1109.3212890625,554.03076171875,0.9893540143966675,1509.24658203125,941.5226440429688,0.9594038724899292,1177.689453125,956.0482177734375,0.9468342661857605
68,952.52783203125,3.454376220703125,1757.7183837890625,1062.1214599609375,0.9520303606987,0,1,1017.631103515625,87.67002868652344,0.9035171270370483,1022.5909423828125,40.03241729736328,0.9082154035568237,998.6713256835938,72.34574890136719,0.46654221415519714,1102.7666015625,2.6511383056640625,0.8438610434532166,1017.8318481445312,81.66650390625,0.06329011917114258,1338.8421630859375,52.22069549560547,0.9861093163490295,1080.5462646484375,210.34439086914062,0.9225627183914185,1536.8953857421875,76.33836364746094,0.9755129814147949,1066.7451171875,411.4155578613281,0.7772362232208252,1666.452392578125,224.30380249023438,0.9494704008102417,1017.7406616210938,569.8814697265625,0.7169500589370728,1531.4508056640625,347.4471435546875,0.9971928000450134,1345.305908203125,405.23046875,0.9939420819282532,1454.519287109375,490.52154541015625,0.9977186918258667,1107.773193359375,538.0504760742188,0.9947766065597534,1527.5433349609375,939.0422973632812,0.9856390357017517,1194.9609375,955.0048828125,0.978223979473114
69,949.5796508789062,4.239349365234375,1716.2845458984375,1026.70751953125,0.9394614100456238,0,1,1022.532958984375,102.21821594238281,0.9307040572166443,1024.626220703125,58.97845458984375,0.9316672682762146,1003.5800170898438,89.65892028808594,0.5255838632583618,1093.958251953125,15.725830078125,0.8578549027442932,1019.3604125976562,91.70851135253906,0.05916120857000351,1325.214599609375,52.549072265625,0.989163875579834,1076.0745849609375,198.25982666015625,0.9321314692497253,1516.2630615234375,72.2362060546875,0.9825603365898132,1074.263916015625,410.962646484375,0.8075702786445618,1641.949951171875,204.70184326171875,0.9625117778778076,1016.4462890625,570.0250854492188,0.7772349119186401,1524.845947265625,356.7393493652344,0.9975787997245789,1342.19287109375,407.464599609375,0.9947068095207214,1446.61865234375,483.805908203125,0.9979658126831055,1092.535888671875,524.4164428710938,0.9950947761535645,1558.213623046875,923.8276977539062,0.9890018701553345,1208.2467041015625,935.3021240234375,0.9823452830314636
70,948.1777954101562,2.54571533203125,1742.014404296875,1003.4417724609375,0.9496729969978333,0,1,1017.5281982421875,107.01006317138672,0.9625818133354187,1022.9456176757812,59.98656463623047,0.9669236540794373,995.623291015625,92.3316879272461,0.691035270690918,1100.43701171875,20.301956176757812,0.9101544618606567,1007.677978515625,100.88090515136719,0.0884772539138794,1315.414794921875,61.921897888183594,0.9915884137153625,1076.54248046875,223.442138671875,0.9338438510894775,1512.9459228515625,78.73798370361328,0.9829387664794922,1067.599609375,411.94122314453125,0.7449083924293518,1637.263916015625,202.81141662597656,0.9624719619750977,1018.09375,554.0612182617188,0.6937178373336792,1511.7916259765625,352.98565673828125,0.996607780456543,1334.49072265625,415.5350646972656,0.9911928772926331,1456.4415283203125,462.39703369140625,0.9970481991767883,1103.923583984375,528.0651245117188,0.9917911291122437,1576.7054443359375,884.01953125,0.981531023979187,1197.7001953125,914.5427856445312,0.9677984714508057
71,945.8501586914062,3.493377685546875,1718.6591796875,1049.9788818359375,0.944371223449707,0,1,1014.1768798828125,113.85511779785156,0.9520687460899353,1014.1997680664062,71.09152221679688,0.9556514620780945,996.4359130859375,102.26358032226562,0.5992010235786438,1083.9471435546875,27.063446044921875,0.8951883912086487,1017.0330810546875,104.70767211914062,0.062076713889837265,1311.449951171875,62.33436584472656,0.9922465085983276,1072.3995361328125,206.7001190185547,0.9382108449935913,1490.154052734375,78.48825073242188,0.9870246648788452,1071.8465576171875,408.3384704589844,0.7954859733581543,1616.0072021484375,191.40431213378906,0.9693135619163513,1011.4301147460938,551.6494140625,0.7620211839675903,1509.7239990234375,361.2587585449219,0.9978514909744263,1329.6209716796875,414.3651123046875,0.9946396946907043,1467.5738525390625,455.6912841796875,0.9981314539909363,1082.4132080078125,510.44537353515625,0.9948888421058655,1597.0645751953125,887.6759033203125,0.9902399778366089,1212.458984375,913.7315673828125,0.9828743934631348
72,941.1542358398438,3.57659912109375,1752.569580078125,1028.35791015625,0.9395016431808472,0,1,1016.1905517578125,127.7431640625,0.9507223963737488,1013.48876953125,86.13693237304688,0.9501638412475586,999.0844116210938,118.2491455078125,0.5895329117774963,1079.06298828125,37.281280517578125,0.8885639309883118,1020.9321899414062,117.10702514648438,0.06467993557453156,1303.41455078125,65.73257446289062,0.9934398531913757,1073.12890625,208.22561645507812,0.9529393911361694,1483.250732421875,75.350830078125,0.9901008605957031,1072.6614990234375,407.964111328125,0.8503497838973999,1602.5928955078125,185.3360595703125,0.9755204916000366,1007.8355712890625,548.9096069335938,0.8149614334106445,1497.0966796875,355.53271484375,0.9985608458518982,1319.77490234375,407.5983581542969,0.9965318441390991,1494.456787109375,477.6334533691406,0.9981549382209778,1083.843505859375,523.6986083984375,0.9951488375663757,1646.572021484375,877.8900146484375,0.9886515736579895,1211.2314453125,888.9603881835938,0.9809273481369019
73,936.2693481445312,1.44708251953125,1776.334716796875,1009.99658203125,0.945245087146759,0,1,1016.73974609375,128.20706176757812,0.9601258635520935,1012.3631591796875,87.15435791015625,0.9602386355400085,998.55615234375,121.68214416503906,0.6547234058380127,1074.8157958984375,36.67803955078125,0.9001129269599915,1018.7393188476562,121.67605590820312,0.07646326720714569,1294.8916015625,60.48316955566406,0.9936980605125427,1067.511962890625,207.95501708984375,0.9555701017379761,1468.6256103515625,72.5592041015625,0.9899141788482666,1072.61083984375,410.2459716796875,0.8405407071113586,1579.6014404296875,154.61993408203125,0.9732086658477783,1003.8598022460938,543.4351196289062,0.7926799058914185,1492.9588623046875,344.3979797363281,0.9983770847320557,1316.088134765625,401.3841552734375,0.9960527420043945,1497.77099609375,461.61309814453125,0.9977667331695557,1075.7833251953125,527.141845703125,0.9939678907394409,1671.0849609375,848.7006225585938,0.9865698218345642,1232.3134765625,871.1478881835938,0.976693868637085
74,929.9668579101562,0.0,1805.034912109375,980.26416015625,0.9507466554641724,0,1,1009.4735107421875,132.48939514160156,0.9781315922737122,1011.0540771484375,89.69132995605469,0.9759787917137146,990.24169921875,121.7900390625,0.8322779536247253,1079.3551025390625,49.42151641845703,0.9110856652259827,1008.3387451171875,127.27526092529297,0.1652279645204544,1280.8328857421875,76.00028228759766,0.9932532906532288,1063.563720703125,234.5991668701172,0.9693217277526855,1468.4876708984375,68.21287536621094,0.9839969873428345,1068.116943359375,408.6893310546875,0.8583647608757019,1545.490478515625,149.5123291015625,0.9633286595344543,998.7099609375,530.0234375,0.7952761650085449,1498.276123046875,333.0496826171875,0.9975838661193848,1323.7882080078125,399.8193054199219,0.9953476786613464,1529.1925048828125,465.2128601074219,0.9969847798347473,1100.407470703125,535.2255249023438,0.9932438731193542,1719.5123291015625,833.022705078125,0.97925865650177,1232.5660400390625,867.1947021484375,0.9680661559104919
75,926.0430908203125,2.455902099609375,1845.8734130859375,959.2040405273438,0.9574726819992065,0,1,1008.97314453125,142.78541564941406,0.9855567812919617,1009.7449951171875,97.17068481445312,0.9850065112113953,985.685302734375,134.30352783203125,0.8760412335395813,1079.24365234375,53.44281005859375,0.9275521039962769,1001.0897216796875,143.23638916015625,0.16571080684661865,1268.9365234375,78.77936553955078,0.9935686588287354,1065.577880859375,253.53079223632812,0.964893639087677,1462.4024658203125,72.8789291381836,0.9845499992370605,1062.65771484375,418.896240234375,0.8173038363456726,1522.50390625,132.21823120117188,0.9660820364952087,988.392578125,525.5819702148438,0.7633941769599915,1491.431396484375,346.90496826171875,0.996615469455719,1326.5599365234375,424.3666076660156,0.9927998781204224,1522.6070556640625,414.65924072265625,0.9967455863952637,1105.650390625,524.8455200195312,0.9918562173843384,1748.720947265625,792.9849243164062,0.9809200763702393,1238.12109375,856.830810546875,0.9674156308174133
76,919.4972534179688,3.422149658203125,1881.978759765625,934.3961181640625,0.9573517441749573,0,1,1005.9495849609375,151.2559814453125,0.9863328337669373,1005.4716796875,104.3759994506836,0.9871050119400024,980.5702514648438,144.990234375,0.8648604154586792,1074.6170654296875,58.31355285644531,0.9364600777626038,995.273193359375,155.91021728515625,0.13224893808364868,1256.665771484375,81.90380859375,0.9946276545524597,1062.1094970703125,263.72625732421875,0.9539469480514526,1449.66650390625,74.76155090332031,0.9890087246894836,1058.9627685546875,413.9852294921875,0.7621995210647583,1498.312744140625,130.254638671875,0.9752609133720398,987.1638793945312,524.3439331054688,0.7256259918212891,1478.341796875,365.42919921875,0.9967730641365051,1317.9420166015625,449.18658447265625,0.9912766218185425,1518.0810546875,363.7649230957031,0.9974875450134277,1097.137939453125,504.3221740722656,0.992010235786438,1765.625244140625,760.8226318359375,0.987216055393219,1238.9703369140625,844.9689331054688,0.9738919734954834
77,916.09130859375,6.827362060546875,1916.952880859375,907.7510986328125,0.96185302734375,0,1,1007.5123291015625,153.79701232910156,0.9900049567222595,1005.9693603515625,106.98348999023438,0.9902163743972778,979.9879760742188,149.51950073242188,0.903812050819397,1074.02294921875,64.77049255371094,0.9443678259849548,994.0390625,166.78363037109375,0.17564694583415985,1246.7562255859375,88.89688110351562,0.9952207207679749,1055.4130859375,272.92254638671875,0.9642248749732971,1426.3651123046875,76.77408599853516,0.9887855052947998,1053.3951416015625,413.40057373046875,0.7811040878295898,1468.819580078125,111.7518310546875,0.9733904600143433,982.1746215820312,520.7781982421875,0.7348008751869202,1465.001953125,358.18377685546875,0.9967155456542969,1305.169189453125,446.70758056640625,0.9916858077049255,1526.378662109375,332.3152770996094,0.9975702166557312,1090.443359375,493.02679443359375,0.992767333984375,1787.3291015625,729.751708984375,0.9884845614433289,1253.2086181640625,830.501708984375,0.9770495295524597
78,909.673828125,16.754608154296875,1919.66162109375,895.6796264648438,0.9559313058853149,0,1,1004.6317749023438,164.66212463378906,0.9851991534233093,1000.8960571289062,116.64509582519531,0.9868901968002319,975.791015625,163.22247314453125,0.8658729791641235,1068.8936767578125,69.54579162597656,0.9331490993499756,991.972412109375,179.77984619140625,0.13620369136333466,1233.26806640625,92.34981536865234,0.9931865930557251,1051.490234375,275.97027587890625,0.9359413385391235,1395.0467529296875,89.75301361083984,0.9867188334465027,1046.126708984375,418.02001953125,0.6665036082267761,1441.182373046875,105.84104919433594,0.9671973586082458,970.6058349609375,522.8736572265625,0.6281432509422302,1443.0721435546875,343.9622802734375,0.9954249262809753,1287.678466796875,435.66943359375,0.9866124391555786,1540.8028564453125,310.0699768066406,0.9971465468406677,1094.62939453125,483.7952880859375,0.9903117418289185,1819.119384765625,715.537353515625,0.9880444407463074,1257.2882080078125,814.229248046875,0.9740488529205322
79,906.6095581054688,31.4432373046875,1919.807861328125,877.20849609375,0.9545344114303589,0,1,999.2242431640625,175.24264526367188,0.9803193211555481,993.6165161132812,127.20062255859375,0.9816423654556274,973.606201171875,170.84783935546875,0.7830666899681091,1059.8807373046875,77.89910888671875,0.9238463640213013,990.1593017578125,184.0641632080078,0.07479220628738403,1234.1806640625,106.10110473632812,0.9926901459693909,1056.189453125,267.80303955078125,0.9451559782028198,1365.690673828125,95.15560913085938,0.9889087080955505,1048.1337890625,412.897705078125,0.7760113477706909,1413.905517578125,87.47611999511719,0.9735676050186157,971.6181640625,523.3963623046875,0.7481602430343628,1445.141357421875,372.23272705078125,0.996417760848999,1290.113037109375,449.98681640625,0.9908639788627625,1521.52587890625,314.6334228515625,0.9957090616226196,1072.2442626953125,478.28631591796875,0.9876829981803894,1813.0052490234375,664.5308837890625,0.9844474792480469,1258.0367431640625,767.539306640625,0.9695930480957031
80,901.2786254882812,38.56640625,1920.0,855.9567260742188,0.9574896693229675,0,1,995.4854736328125,181.40611267089844,0.9824603199958801,990.8577880859375,134.89260864257812,0.982070803642273,969.6544189453125,176.53619384765625,0.8279315233230591,1056.866943359375,89.17337036132812,0.9191222190856934,984.604736328125,190.63186645507812,0.10282047092914581,1234.1005859375,119.85049438476562,0.9909902811050415,1045.081787109375,279.4617614746094,0.9605002999305725,1375.73193359375,98.88331604003906,0.9830990433692932,1038.7568359375,430.3310852050781,0.8237788081169128,1408.6715087890625,77.49906921386719,0.9613733291625977,969.6659545898438,526.0078125,0.7791465520858765,1447.860595703125,380.3392639160156,0.9953740239143372,1284.24072265625,455.4935302734375,0.9909969568252563,1535.646484375,320.9374694824219,0.9936404824256897,1057.8209228515625,467.8853759765625,0.986003577709198,1835.595947265625,650.5130615234375,0.9781202673912048,1259.32080078125,743.838134765625,0.9643352627754211
81,896.4885864257812,50.3880615234375,1920.0,838.2775268554688,0.9482974410057068,0,1,992.5372924804688,186.8671417236328,0.9838480353355408,988.1439208984375,140.12493896484375,0.984024703502655,966.466796875,181.8892364501953,0.8475919365882874,1053.6085205078125,96.536865234375,0.9206512570381165,981.14306640625,197.9505615234375,0.11221672594547272,1227.170166015625,125.95541381835938,0.9894121289253235,1039.87158203125,284.4607238769531,0.9519566893577576,1358.603759765625,97.44483947753906,0.9794780015945435,1041.5128173828125,421.0650329589844,0.7873630523681641,1369.9898681640625,76.86515808105469,0.9551985263824463,969.1375122070312,517.5347900390625,0.7505899667739868,1439.219970703125,376.5076904296875,0.9929729700088501,1273.7965087890625,453.0295715332031,0.986295759677887,1546.81005859375,304.03253173828125,0.9902632236480713,1052.427001953125,462.1194763183594,0.9787977337837219,1838.204833984375,620.43212890625,0.969921886920929,1247.878662109375,726.368408203125,0.9507790207862854
82,895.6331176757812,50.63946533203125,1918.32177734375,816.5198364257812,0.9438937902450562,0,1,990.3487548828125,195.77218627929688,0.990861177444458,983.0462646484375,151.31063842773438,0.9916971921920776,961.7557983398438,196.88894653320312,0.9151360392570496,1047.176025390625,110.19081115722656,0.9543618559837341,976.5792236328125,220.6208038330078,0.19317075610160828,1206.3970947265625,136.1675262451172,0.9931868314743042,1034.359619140625,312.4107666015625,0.9654918909072876,1341.201904296875,111.05513763427734,0.9834519624710083,1034.6087646484375,422.7042236328125,0.7631558775901794,1333.3192138671875,89.72113037109375,0.9608808755874634,970.3881225585938,516.716064453125,0.7023704051971436,1423.757080078125,356.572998046875,0.9936948418617249,1267.941650390625,444.86151123046875,0.9860138893127441,1563.633056640625,265.1217956542969,0.9937544465065002,1052.75634765625,437.3775634765625,0.9843819737434387,1871.0804443359375,611.5824584960938,0.9767210483551025,1255.173583984375,715.1995849609375,0.9594563245773315
83,895.7799682617188,53.590118408203125,1918.813232421875,792.7560424804688,0.9362608790397644,0,1,987.083984375,206.73179626464844,0.9927005171775818,978.1932373046875,159.963134765625,0.9921735525131226,954.474853515625,209.84976196289062,0.9439879059791565,1041.7745361328125,116.04169464111328,0.9467551708221436,967.8973388671875,236.09994506835938,0.27293628454208374,1203.9693603515625,140.75418090820312,0.9909204244613647,1029.6873779296875,320.4876708984375,0.9753648638725281,1354.890625,107.56134796142578,0.9729052782058716,1037.012939453125,408.3038330078125,0.8308793902397156,1306.29541015625,101.85308074951172,0.9468086361885071,973.7196044921875,502.89990234375,0.7792440056800842,1411.59033203125,363.2271423339844,0.9907597303390503,1254.6787109375,453.2842712402344,0.9856341481208801,1571.6575927734375,246.29869079589844,0.9893536567687988,1053.6778564453125,432.7083435058594,0.9815739989280701,1883.970703125,575.9257202148438,0.9649641513824463,1252.9910888671875,688.9063720703125,0.9508309364318848
84,891.62548828125,52.025482177734375,1917.6060791015625,765.7701416015625,0.9299371838569641,0,1,981.1100463867188,212.7912139892578,0.9927394986152649,968.1998291015625,165.56954956054688,0.992534875869751,948.9215698242188,219.16539001464844,0.9341234564781189,1029.574951171875,116.99423217773438,0.9570701718330383,965.7493896484375,246.49697875976562,0.2490546852350235,1206.41748046875,133.31204223632812,0.9944045543670654,1032.2725830078125,326.42718505859375,0.9800193309783936,1344.6033935546875,99.24639129638672,0.985099732875824,1041.9798583984375,407.71978759765625,0.8571394681930542,1260.940673828125,100.54882049560547,0.9678174257278442,972.7886352539062,498.85308837890625,0.8149976134300232,1431.7244873046875,349.84521484375,0.9944725632667542,1273.385498046875,444.4468994140625,0.9901448488235474,1584.749755859375,234.3564453125,0.9919819235801697,1063.30126953125,430.03814697265625,0.9839479327201843,1879.90576171875,547.2478637695312,0.9702433943748474,1262.9456787109375,661.9075927734375,0.9546114206314087
85,888.6875610351562,49.521240234375,1918.764892578125,730.3084716796875,0.9003711938858032,0,1,980.546630859375,225.50112915039062,0.9902734160423279,965.6903686523438,177.6796875,0.9902210235595703,948.475341796875,231.30892944335938,0.9069448709487915,1020.6519775390625,122.97557830810547,0.9459694027900696,963.18798828125,252.93338012695312,0.1910436898469925,1204.874755859375,134.14633178710938,0.9942976832389832,1031.201416015625,321.60064697265625,0.9698428511619568,1339.9676513671875,92.61190795898438,0.9875767230987549,1043.9285888671875,401.529541015625,0.8317325115203857,1248.2989501953125,113.82545471191406,0.9730556607246399,969.109130859375,496.474365234375,0.8144258260726929,1433.160888671875,353.1726379394531,0.9931046366691589,1276.5362548828125,446.22857666015625,0.9858513474464417,1584.316162109375,238.70301818847656,0.9847694635391235,1089.3050537109375,445.880126953125,0.965944766998291,1849.11669921875,499.8241882324219,0.9512033462524414,1263.589599609375,624.7608032226562,0.9186834692955017
86,880.84130859375,46.35834503173828,1920.0,706.92822265625,0.8925475478172302,0,1,975.2510375976562,232.83819580078125,0.99224454164505,961.118408203125,180.55201721191406,0.9892885684967041,940.8059692382812,237.1197052001953,0.9446468949317932,1015.7080078125,134.01516723632812,0.9186400771141052,956.018310546875,265.5796813964844,0.3401181399822235,1201.8759765625,143.84266662597656,0.993656575679779,1018.661376953125,338.3857116699219,0.9830074310302734,1346.798095703125,79.38455200195312,0.9813744425773621,1039.0677490234375,413.90850830078125,0.8998793959617615,1247.98779296875,112.61421203613281,0.960330069065094,971.6837158203125,485.9022216796875,0.8795582056045532,1442.573486328125,357.0123291015625,0.9921029210090637,1276.0535888671875,455.1077880859375,0.9890621304512024,1596.496826171875,200.90771484375,0.9842920303344727,1090.8365478515625,405.1800842285156,0.9753215312957764,1858.8154296875,476.8019714355469,0.9576820135116577,1258.2857666015625,593.168701171875,0.9420509934425354
87,877.5274658203125,44.10784149169922,1920.0,675.6453857421875,0.8901628255844116,0,1,970.19384765625,236.8670654296875,0.986203670501709,953.91357421875,180.6954345703125,0.9802634119987488,930.3202514648438,241.34957885742188,0.9231916069984436,1007.15478515625,143.97413635253906,0.8900861740112305,944.3728637695312,285.66351318359375,0.3721163272857666,1190.37060546875,147.57188415527344,0.9950788021087646,1036.312744140625,331.313720703125,0.979130208492279,1352.9931640625,65.03663635253906,0.9777301549911499,1031.912109375,412.0117492675781,0.8202589154243469,1206.682373046875,112.16070556640625,0.9369463324546814,977.834716796875,477.34552001953125,0.7701337337493896,1449.342529296875,332.6271667480469,0.9824655055999756,1339.9097900390625,430.9979553222656,0.967879056930542,1658.01025390625,128.91256713867188,0.9662400484085083,1560.406005859375,256.9158935546875,0.941826581954956,1866.39208984375,452.6131896972656,0.9263530969619751,1760.08056640625,464.8504638671875,0.9077266454696655
88,876.791015625,35.894622802734375,1919.26220703125,644.9417724609375,0.9068072438240051,0,1,968.71630859375,237.26536560058594,0.9910812973976135,951.4418334960938,185.1702880859375,0.9872066974639893,935.9454345703125,254.48773193359375,0.9545415043830872,1012.7030639648438,133.40081787109375,0.9023670554161072,956.6949462890625,285.6750183105469,0.47708725929260254,1206.1962890625,128.84751892089844,0.9924707412719727,1023.8746948242188,354.99761962890625,0.9790452122688293,1343.0130615234375,83.20561981201172,0.975960373878479,1040.9290771484375,413.4939880371094,0.8460237383842468,1175.813232421875,124.58528137207031,0.9512900710105896,952.4027709960938,461.19622802734375,0.834120512008667,1489.2301025390625,311.18121337890625,0.9842677712440491,1329.3748779296875,429.5671691894531,0.9771411418914795,1625.264892578125,119.40904998779297,0.9835947155952454,1218.562744140625,335.3328857421875,0.9717994928359985,1841.9718017578125,442.39862060546875,0.9526585340499878,1360.813720703125,534.822265625,0.9341954588890076
89,876.7974243164062,36.94317626953125,1918.0037841796875,609.1403198242188,0.920391857624054,0,1,957.4857177734375,244.24351501464844,0.9867405295372009,943.13330078125,192.74436950683594,0.986770510673523,926.200439453125,254.26625061035156,0.90938401222229,994.4278564453125,138.0641326904297,0.934583842754364,943.3702392578125,280.4419250488281,0.29220569133758545,1159.8551025390625,122.30371856689453,0.9953956007957458,1039.57275390625,326.19842529296875,0.977616012096405,1304.214111328125,69.6360855102539,0.9851210117340088,1043.6668701171875,372.68017578125,0.8047400116920471,1140.7060546875,141.11807250976562,0.9595125913619995,971.0835571289062,442.5992431640625,0.7562139630317688,1470.600341796875,301.032470703125,0.9888409972190857,1374.307373046875,412.5269775390625,0.9765676856040955,1659.55322265625,119.03546905517578,0.9821106791496277,1499.44873046875,280.3111572265625,0.9636276364326477,1906.6651611328125,432.26129150390625,0.9450555443763733,1698.07958984375,489.1319580078125,0.9266040921211243
90,874.0907592773438,31.468414306640625,1917.4097900390625,589.8001708984375,0.9110479354858398,0,1,958.201416015625,247.43605041503906,0.9861177802085876,939.9913330078125,198.119384765625,0.9854092001914978,927.6551513671875,261.61102294921875,0.9046941995620728,986.0205688476562,140.89364624023438,0.9300894737243652,945.7922973632812,287.8523254394531,0.30737489461898804,1152.43115234375,117.59747314453125,0.9961141347885132,1037.73974609375,328.91241455078125,0.9803783297538757,1283.17138671875,69.00645446777344,0.9881866574287415,1039.7105712890625,377.66851806640625,0.8293911218643188,1113.354736328125,151.71656799316406,0.9663407802581787,964.027587890625,440.91851806640625,0.7879484295845032,1467.6221923828125,289.3874816894531,0.9908682107925415,1373.7130126953125,405.0006103515625,0.9803844690322876,1660.62109375,108.87913513183594,0.9834696650505066,1495.3111572265625,279.9449157714844,0.9655222296714783,1890.61962890625,405.1419982910156,0.9484586119651794,1679.437255859375,467.2608642578125,0.9296076893806458
91,871.5100708007812,25.300003051757812,1918.040771484375,557.8259887695312,0.9068402647972107,0,1,957.609619140625,253.69021606445312,0.9867172241210938,929.8068237304688,202.05718994140625,0.9858788847923279,926.3237915039062,271.9656982421875,0.8804013729095459,969.5863037109375,129.36300659179688,0.9344061613082886,947.1765747070312,293.2998352050781,0.2277689129114151,1167.038818359375,104.1764144897461,0.9957501888275146,1020.7190551757812,332.8843994140625,0.9765317440032959,1255.636474609375,61.069908142089844,0.9920627474784851,1040.0533447265625,376.5929260253906,0.8640286326408386,1112.9178466796875,147.24147033691406,0.9805004596710205,965.0564575195312,442.53839111328125,0.8596148490905762,1461.6025390625,265.92913818359375,0.994411289691925,1322.376953125,383.967529296875,0.9880406260490417,1629.352783203125,153.16397094726562,0.9823014736175537,1183.7958984375,393.51910400390625,0.9590775370597839,1855.8724365234375,380.09228515625,0.9374664425849915,1348.929931640625,497.05975341796875,0.8981248140335083
92,871.1326904296875,21.426864624023438,1917.22607421875,546.8009033203125,0.9018160104751587,0,1,946.259765625,254.19712829589844,0.9435787796974182,922.195556640625,208.22891235351562,0.93089359998703,922.93701171875,267.2878723144531,0.6850470304489136,955.772216796875,160.92593383789062,0.8365948796272278,951.143798828125,299.1905822753906,0.18298602104187012,1124.72900390625,129.76963806152344,0.994788408279419,1039.38232421875,327.46063232421875,0.9718431234359741,1265.3564453125,60.02373504638672,0.98807293176651,1024.384033203125,384.7500915527344,0.8336038589477539,1083.4595947265625,162.33462524414062,0.9638517498970032,966.4569091796875,438.58355712890625,0.8053227066993713,1455.7457275390625,268.64959716796875,0.9919353723526001,1396.612548828125,382.93017578125,0.9821740388870239,1682.0020751953125,110.85237121582031,0.9784188270568848,1674.126220703125,261.5433349609375,0.9580927491188049,1899.5126953125,381.0819091796875,0.9427551627159119,1855.39208984375,435.8405456542969,0.9271244406700134
93,868.8085327148438,21.1527099609375,1916.897705078125,552.4590454101562,0.8731115460395813,0,1,956.4307861328125,239.67803955078125,0.9527685642242432,928.2020874023438,197.8036651611328,0.9230406284332275,930.2301025390625,257.85760498046875,0.7809481024742126,955.4972534179688,163.3651123046875,0.7847455143928528,956.32666015625,305.2162170410156,0.31301721930503845,1122.046875,139.3135528564453,0.9931694269180298,1037.610107421875,338.1803894042969,0.983755350112915,1247.724365234375,62.31211853027344,0.9793141484260559,1031.0782470703125,380.43121337890625,0.9007871150970459,1067.5438232421875,172.44631958007812,0.9437410235404968,964.6173706054688,424.2767028808594,0.8689150810241699,1447.08837890625,260.40875244140625,0.9905703067779541,1386.5340576171875,377.8421630859375,0.9863663911819458,1704.6630859375,103.15608215332031,0.9751573801040649,1673.8743896484375,264.412841796875,0.9684547781944275,1901.3388671875,368.0126953125,0.9398269653320312,1841.8582763671875,438.1922607421875,0.9400079250335693
94,865.9998779296875,19.786102294921875,1918.5618896484375,524.7800903320312,0.8846595287322998,0,1,954.1688232421875,232.2198486328125,0.9386684894561768,921.1109619140625,187.45399475097656,0.9107473492622375,923.8670654296875,257.6380310058594,0.7137098908424377,949.9909057617188,143.42591857910156,0.8099962472915649,949.5966796875,308.1285400390625,0.26652848720550537,1137.3521728515625,124.60990905761719,0.9923524260520935,1012.13232421875,349.7181396484375,0.9841957092285156,1234.106689453125,64.2740707397461,0.9805160760879517,1017.038818359375,391.5447998046875,0.9010104537010193,1052.251220703125,185.33828735351562,0.9421452879905701,955.2731323242188,426.9447021484375,0.8550414443016052,1455.95263671875,253.07449340820312,0.9934988021850586,1358.3814697265625,381.1299133300781,0.9907310605049133,1688.9296875,118.86264038085938,0.9779115319252014,1518.1956787109375,319.4032897949219,0.9698182940483093,1913.0738525390625,362.8017883300781,0.9384194016456604,1766.2431640625,446.0151672363281,0.9342920184135437
95,865.68310546875,19.802902221679688,1919.25244140625,526.1375122070312,0.8788940906524658,0,1,946.5574951171875,245.27993774414062,0.9694501757621765,922.4879150390625,197.31039428710938,0.961818277835846,914.5724487304688,266.0538024902344,0.8131359219551086,966.31494140625,144.75918579101562,0.8985167145729065,937.9634399414062,305.9041748046875,0.2969662547111511,1146.499755859375,124.87261962890625,0.9955781102180481,1006.7864990234375,347.592529296875,0.9877261519432068,1201.346435546875,71.14130401611328,0.9873260855674744,1017.9651489257812,381.55621337890625,0.9043726325035095,1027.26220703125,202.0583038330078,0.9580197930335999,956.4959106445312,415.7518615722656,0.8578370809555054,1457.6754150390625,260.2901611328125,0.9951540231704712,1343.6431884765625,386.5699462890625,0.9921562671661377,1678.933837890625,127.37155151367188,0.9826275706291199,1455.86328125,337.9630126953125,0.9727335572242737,1891.7244873046875,350.939208984375,0.9474452137947083,1714.66259765625,451.62982177734375,0.9376975893974304
96,863.8060913085938,19.97589111328125,1919.83544921875,527.54638671875,0.870578408241272,0,1,944.583251953125,255.3698272705078,0.9693189263343811,926.751708984375,207.47140502929688,0.960824191570282,915.50830078125,269.1636657714844,0.8152286410331726,972.28564453125,157.67889404296875,0.8913207054138184,936.6425170898438,302.9322509765625,0.3039293885231018,1133.442626953125,130.77395629882812,0.9961532950401306,1014.8003540039062,342.826416015625,0.9866700768470764,1190.818115234375,69.09745788574219,0.9880388379096985,1017.720703125,376.84332275390625,0.894477128982544,1018.8773803710938,211.59535217285156,0.9608117341995239,955.660888671875,407.13348388671875,0.8548759818077087,1456.7252197265625,262.59600830078125,0.9943137168884277,1365.9617919921875,387.16583251953125,0.9899511933326721,1688.58251953125,111.41757202148438,0.982937753200531,1578.423095703125,304.35675048828125,0.9724975228309631,1868.2232666015625,341.7373046875,0.9534996747970581,1805.102783203125,446.1707763671875,0.9447397589683533
97,862.6730346679688,20.009628295898438,1920.0,521.7152099609375,0.8859925866127014,0,1,941.829833984375,250.3062286376953,0.9693235158920288,924.2645874023438,203.07666015625,0.9627580642700195,912.06884765625,265.1602783203125,0.8049467206001282,968.932373046875,153.71884155273438,0.906101405620575,930.0076904296875,299.7886962890625,0.2990449070930481,1132.24951171875,128.16397094726562,0.9970048069953918,1003.451904296875,342.17657470703125,0.9872934818267822,1179.689697265625,69.31434631347656,0.9909782409667969,1007.0078125,381.66156005859375,0.8911491632461548,1015.324951171875,220.04888916015625,0.9671562910079956,949.6015625,409.13134765625,0.8465019464492798,1459.31884765625,257.3203430175781,0.9956249594688416,1360.4327392578125,381.7850646972656,0.9912267327308655,1686.38134765625,122.45599365234375,0.9850139021873474,1555.634521484375,307.9500732421875,0.9721422791481018,1861.856689453125,345.5184326171875,0.9550096392631531,1798.337890625,433.5030517578125,0.9423477053642273
98,862.9500732421875,21.880691528320312,1920.0,514.7599487304688,0.901819109916687,0,1,942.6856689453125,253.68370056152344,0.9670436978340149,921.369873046875,204.39051818847656,0.961772084236145,911.5281982421875,272.3395690917969,0.7861012816429138,967.7960815429688,144.2988739013672,0.9097495079040527,932.4713134765625,303.72662353515625,0.27315881848335266,1146.3707275390625,118.7204818725586,0.9964715242385864,1000.990234375,341.2810974121094,0.987409234046936,1170.7625732421875,74.4254379272461,0.9905939102172852,1004.058837890625,378.03973388671875,0.9000027775764465,1015.4503784179688,224.961181640625,0.9660554528236389,954.8577880859375,401.0010986328125,0.854209303855896,1472.4130859375,245.29440307617188,0.9961490631103516,1354.62109375,372.8846740722656,0.9928287863731384,1689.957275390625,138.91763305664062,0.9843025207519531,1470.4759521484375,344.97576904296875,0.9715827107429504,1881.341796875,344.31591796875,0.9477155804634094,1734.907470703125,439.1278381347656,0.9330414533615112
99,863.5350952148438,28.608489990234375,1920.0,513.7362060546875,0.9066447615623474,0,1,944.5200805664062,261.4325866699219,0.9667853713035583,920.8416137695312,210.30337524414062,0.9625763297080994,914.5186767578125,279.16522216796875,0.7849678993225098,965.224365234375,137.10549926757812,0.9127243161201477,935.582763671875,298.5296325683594,0.2815685272216797,1156.532470703125,110.84074401855469,0.9964408278465271,989.3253173828125,337.3359375,0.9864655137062073,1154.6011962890625,81.01460266113281,0.9911292791366577,988.7356567382812,389.67266845703125,0.896554172039032,1010.358642578125,231.58689880371094,0.9680509567260742,945.8438720703125,406.86590576171875,0.8532832264900208,1469.21533203125,242.2865753173828,0.9961674809455872,1331.554443359375,368.43377685546875,0.9926447868347168,1667.296142578125,153.96226501464844,0.9843777418136597,1364.169189453125,367.1846008300781,0.9694296717643738,1816.876220703125,356.6617126464844,0.9456150531768799,1620.611328125,454.289794921875,0.9248366951942444
100,863.0599365234375,33.344146728515625,1918.3751220703125,507.4300231933594,0.9104499220848083,0,1,939.6873779296875,262.47857666015625,0.9627582430839539,918.3997192382812,212.12411499023438,0.95672208070755,909.949951171875,279.6308288574219,0.7814934253692627,966.7623291015625,139.59722900390625,0.9013246893882751,930.169189453125,298.3839111328125,0.2880966365337372,1155.318115234375,114.72521209716797,0.9947817921638489,998.007080078125,336.4263916015625,0.9866328239440918,1138.302490234375,90.19125366210938,0.9862814545631409,997.3519287109375,379.8020324707031,0.9122770428657532,1003.1722412109375,241.88502502441406,0.9570620656013489,950.0760498046875,399.9873046875,0.871618390083313,1473.0311279296875,230.56031799316406,0.9949918389320374,1340.3043212890625,352.20587158203125,0.9924673438072205,1636.28076171875,170.2730255126953,0.9800033569335938,1339.590087890625,379.94677734375,0.9684386849403381,1779.062744140625,343.43682861328125,0.9349454045295715,1573.3524169921875,446.3035888671875,0.9199394583702087
101,862.4622802734375,38.85791015625,1917.4669189453125,511.70599365234375,0.907821774482727,0,1,943.2705688476562,261.78741455078125,0.951900064945221,915.9420776367188,209.46771240234375,0.9382821917533875,913.4419555664062,283.0946960449219,0.7238864302635193,956.608154296875,127.68974304199219,0.8892315030097961,935.4097900390625,298.761474609375,0.2793477475643158,1157.3365478515625,102.16685485839844,0.9961467981338501,998.5955200195312,327.3740234375,0.9907517433166504,1139.80712890625,96.93461608886719,0.9914261102676392,1003.0094604492188,381.8215026855469,0.9453583359718323,1000.7378540039062,244.56903076171875,0.9697675704956055,944.1784057617188,401.14642333984375,0.9078495502471924,1466.337890625,221.3797607421875,0.9975247979164124,1331.6256103515625,341.2574462890625,0.9962967038154602,1621.9427490234375,189.09146118164062,0.985592246055603,1301.5291748046875,397.5191345214844,0.9765720963478088,1767.7042236328125,348.5208435058594,0.9424415230751038,1552.2974853515625,425.2654724121094,0.9283447861671448
102,863.3706665039062,41.838226318359375,1918.6505126953125,509.60516357421875,0.8864198923110962,0,1,941.169189453125,262.80023193359375,0.9441113471984863,917.5640258789062,211.54684448242188,0.9327035546302795,913.1046142578125,280.9736328125,0.6948039531707764,960.91650390625,131.80709838867188,0.886703610420227,934.8995361328125,294.6925048828125,0.26220494508743286,1148.9979248046875,107.04393768310547,0.9958662986755371,993.89208984375,332.87615966796875,0.9873528480529785,1119.751708984375,103.76115417480469,0.9904376864433289,996.1220703125,389.65435791015625,0.9200684428215027,999.158203125,258.3483581542969,0.9658329486846924,939.82177734375,395.88116455078125,0.8760703206062317,1461.39990234375,221.09747314453125,0.9966611862182617,1333.7069091796875,345.6748046875,0.9943384528160095,1642.6878662109375,175.09872436523438,0.9835167527198792,1356.8018798828125,388.35723876953125,0.9709874391555786,1756.68603515625,326.86212158203125,0.9421387314796448,1603.23046875,425.69482421875,0.9243628978729248
103,861.6851806640625,42.54913330078125,1917.8917236328125,519.4998779296875,0.8616905808448792,0,1,939.3338623046875,263.8744812011719,0.9479781985282898,919.6664428710938,213.8653106689453,0.9395197033882141,912.9094848632812,278.7559814453125,0.713047444820404,967.0361938476562,137.57533264160156,0.8973382711410522,934.7334594726562,291.1564636230469,0.26403743028640747,1143.91162109375,110.06591033935547,0.9954378008842468,1000.890380859375,333.77410888671875,0.987748920917511,1115.23095703125,113.18245697021484,0.9881638884544373,1002.05224609375,383.4722900390625,0.9167404770851135,984.2080078125,274.89935302734375,0.9596959352493286,938.4996337890625,397.30865478515625,0.8676996827125549,1468.87841796875,219.11630249023438,0.9957078695297241,1354.2740478515625,346.27679443359375,0.9933099746704102,1617.3460693359375,162.59902954101562,0.9808394908905029,1397.9522705078125,390.74267578125,0.9690303802490234,1745.8564453125,294.0517883300781,0.9387359023094177,1662.2861328125,432.67767333984375,0.9226009249687195
104,857.3270874023438,34.15351867675781,1916.4833984375,530.7094116210938,0.790981113910675,0,1,938.2313232421875,265.6339416503906,0.9305479526519775,922.0860595703125,216.73419189453125,0.9263953566551208,915.3690185546875,276.0689697265625,0.6527600288391113,972.802734375,147.03199768066406,0.8714285492897034,942.5047607421875,287.8627624511719,0.21612806618213654,1134.81640625,119.19515991210938,0.9937360286712646,998.02685546875,335.8913879394531,0.9703179001808167,1114.8094482421875,119.27879333496094,0.9844425320625305,1006.2752685546875,393.6171875,0.8035957217216492,975.0668334960938,279.0514221191406,0.9473620653152466,939.5223388671875,376.81787109375,0.7599524855613708,1450.58544921875,228.0263214111328,0.9910380840301514,1344.7113037109375,359.58306884765625,0.9812095761299133,1698.6551513671875,137.40916442871094,0.9740251898765564,1524.677978515625,363.0445861816406,0.9508289098739624,1791.24755859375,305.76580810546875,0.932255744934082,1761.59814453125,463.6007995605469,0.9076703786849976
105,858.585205078125,32.88761901855469,1916.2138671875,550.0585327148438,0.7770679593086243,0,1,938.1317138671875,260.4451904296875,0.9428253769874573,921.8095092773438,211.40711975097656,0.9427071809768677,913.830078125,273.00115966796875,0.7055625319480896,977.1070556640625,142.9473876953125,0.8816684484481812,942.6989135742188,289.2633972167969,0.2229073941707611,1143.569580078125,122.74603271484375,0.9903898239135742,1000.320556640625,341.32354736328125,0.9669739007949829,1098.4395751953125,132.9305877685547,0.973737359046936,993.2261352539062,392.1272277832031,0.777273416519165,962.681396484375,290.74176025390625,0.9207974076271057,933.6478271484375,367.17901611328125,0.7328437566757202,1468.579345703125,236.6729736328125,0.9845330119132996,1352.1875,369.5085754394531,0.9728083610534668,1701.471923828125,129.80740356445312,0.9622712135314941,1475.844482421875,367.5006103515625,0.9378535747528076,1812.9656982421875,305.07562255859375,0.9132840633392334,1710.0205078125,474.4273681640625,0.8900032043457031
106,854.4874877929688,29.147186279296875,1918.0693359375,550.8112182617188,0.7618839740753174,0,1,934.5120849609375,259.0567321777344,0.9472125172615051,924.8995361328125,213.03424072265625,0.9386301636695862,912.4776611328125,266.7935791015625,0.7531268000602722,981.0926513671875,152.30694580078125,0.8578636646270752,939.323486328125,280.259521484375,0.28580909967422485,1118.580322265625,129.0275115966797,0.9895729422569275,1002.837890625,333.44012451171875,0.9716916084289551,1085.6966552734375,139.2454376220703,0.9643208980560303,982.09033203125,399.83294677734375,0.7947768568992615,942.3953247070312,302.7996826171875,0.8989030122756958,923.35107421875,397.9582214355469,0.7486386299133301,1457.309814453125,244.0543212890625,0.9768353700637817,1368.2581787109375,376.42950439453125,0.9645338654518127,1729.880126953125,122.49604797363281,0.9459657669067383,1612.9903564453125,346.16339111328125,0.9273815155029297,1838.7747802734375,283.2304992675781,0.8903895020484924,1822.3348388671875,464.548828125,0.8783659934997559
107,848.524658203125,31.789260864257812,1917.9971923828125,532.4902954101562,0.7610698938369751,0,1,936.9202880859375,260.1841735839844,0.9294434189796448,923.2496337890625,213.94418334960938,0.9160503149032593,915.4993896484375,270.5807800292969,0.7011577486991882,973.6571044921875,150.39646911621094,0.8332979679107666,944.6954345703125,284.8489990234375,0.26370590925216675,1115.533447265625,130.82363891601562,0.9852904081344604,1003.080322265625,339.8346252441406,0.9704219698905945,1074.666748046875,151.55511474609375,0.9540694355964661,978.611572265625,399.1874084472656,0.803581178188324,932.1102905273438,307.7118835449219,0.877250611782074,913.6419067382812,371.44427490234375,0.7525116801261902,1460.1787109375,247.8739013671875,0.9744129180908203,1370.57568359375,382.5743408203125,0.9656199812889099,1716.9788818359375,127.39247131347656,0.9405072331428528,1575.405029296875,361.51702880859375,0.9269719123840332,1848.240966796875,285.8924255371094,0.879940390586853,1802.5535888671875,473.44439697265625,0.8729118704795837
108,844.3262329101562,30.611160278320312,1917.89208984375,529.6613159179688,0.7908920049667358,0,1,933.4764404296875,262.3237609863281,0.9188451766967773,922.9623413085938,216.916748046875,0.9188143014907837,914.478271484375,270.88226318359375,0.602618396282196,975.8845825195312,154.80020141601562,0.8596504330635071,947.4116821289062,282.2298278808594,0.1776386946439743,1099.485595703125,134.51504516601562,0.9909121990203857,1011.841552734375,332.2484130859375,0.9459523558616638,1063.8828125,180.8145751953125,0.9776115417480469,964.5964965820312,408.19683837890625,0.6689387559890747,939.573486328125,322.284912109375,0.9315598607063293,911.0000610351562,378.73297119140625,0.661272406578064,1447.967041015625,254.28994750976562,0.9760419130325317,1380.930419921875,387.9163513183594,0.9446091055870056,1736.81591796875,121.849365234375,0.9457449316978455,1662.701904296875,352.08984375,0.8941853046417236,1851.8770751953125,280.4648132324219,0.8845084309577942,1840.9749755859375,458.060791015625,0.8417698740959167
109,831.362548828125,31.958175659179688,1918.493408203125,572.6386108398438,0.6906560659408569,0,1,933.2323608398438,260.3729553222656,0.9285041689872742,925.1173095703125,213.4252166748047,0.9258535504341125,912.345458984375,266.478759765625,0.6641076803207397,977.832275390625,157.73538208007812,0.8405261635780334,941.430908203125,282.87945556640625,0.20560604333877563,1095.30322265625,141.4027862548828,0.9875989556312561,1012.5943603515625,336.6302795410156,0.9311336278915405,1062.8045654296875,186.38429260253906,0.9647687077522278,982.1694946289062,401.0605773925781,0.599490225315094,929.5204467773438,331.8799133300781,0.9008290767669678,907.412841796875,363.8236999511719,0.609307050704956,1449.65869140625,248.33694458007812,0.9623643755912781,1385.4033203125,382.9915771484375,0.9192562103271484,1773.8448486328125,113.88047790527344,0.9426705241203308,1706.60009765625,344.88653564453125,0.8985539078712463,1871.8134765625,309.05908203125,0.8905783891677856,1858.8438720703125,495.08026123046875,0.8580982685089111
110,828.8232421875,33.60841369628906,1918.1689453125,538.586181640625,0.7538028955459595,0,1,935.4549560546875,264.65826416015625,0.9100695848464966,924.71044921875,218.75962829589844,0.8987503051757812,917.6104736328125,270.04791259765625,0.614093542098999,971.9776611328125,157.0619659423828,0.8015015125274658,948.9656982421875,278.6728210449219,0.19358083605766296,1091.3446044921875,133.41085815429688,0.9850134253501892,1013.32958984375,330.5525207519531,0.936263382434845,1067.606201171875,181.0675506591797,0.9613083004951477,971.359375,407.4106750488281,0.6572335958480835,933.4806518554688,329.72076416015625,0.9000555872917175,906.2083740234375,382.0521240234375,0.6640111207962036,1452.62060546875,245.089111328125,0.9615914225578308,1392.755615234375,381.42620849609375,0.9273438453674316,1757.8062744140625,102.65922546386719,0.9354634881019592,1697.5697021484375,340.3724365234375,0.8973439335823059,1866.1025390625,282.195068359375,0.8805238604545593,1849.880859375,485.1021423339844,0.8526926636695862
111,833.6927490234375,54.52642822265625,1918.85595703125,529.8653564453125,0.6633796095848083,0,1,938.9646606445312,267.35162353515625,0.9490351676940918,926.376220703125,227.92138671875,0.9535213708877563,921.289306640625,273.767822265625,0.7789985537528992,967.210205078125,162.66421508789062,0.8645028471946716,950.9346923828125,271.359619140625,0.30806487798690796,1078.97802734375,125.06089782714844,0.9882509112358093,1005.8475952148438,331.3556213378906,0.9240436553955078,1075.9979248046875,200.80284118652344,0.9674584865570068,985.7037353515625,418.95428466796875,0.5136778950691223,931.8980712890625,336.1637878417969,0.897753894329071,916.4066162109375,398.727294921875,0.5315136909484863,1483.287109375,231.2848663330078,0.9352260231971741,1425.1300048828125,378.03411865234375,0.8514404892921448,1773.0047607421875,92.31692504882812,0.9258123636245728,1710.444580078125,344.09039306640625,0.8526099920272827,1854.0684814453125,259.1939392089844,0.8249108791351318,1850.064208984375,494.86029052734375,0.7605360150337219
112,824.5347290039062,54.34130859375,1918.6907958984375,525.6912231445312,0.675568163394928,0,1,939.4375,272.66217041015625,0.9521756172180176,928.3525390625,233.70074462890625,0.9576085805892944,921.086669921875,277.58740234375,0.789972186088562,969.6094970703125,167.33592224121094,0.8699502944946289,948.154296875,271.2586364746094,0.312237411737442,1078.45751953125,128.3058624267578,0.9886565208435059,1012.0208129882812,328.85089111328125,0.9198952913284302,1078.996826171875,202.0322265625,0.9672772884368896,1004.4171752929688,416.2640075683594,0.4957578778266907,928.5914306640625,341.1858215332031,0.8948422074317932,916.93408203125,388.1922912597656,0.5164341926574707,1485.0478515625,230.63714599609375,0.933304488658905,1431.340087890625,372.5669860839844,0.8436794877052307,1774.179931640625,96.31986236572266,0.9293635487556458,1718.4964599609375,336.21490478515625,0.8569409847259521,1846.315673828125,266.67779541015625,0.8348875045776367,1847.583984375,492.0677490234375,0.7723925709724426
113,819.4368896484375,39.85693359375,1918.4930419921875,535.8798828125,0.7474517822265625,0,1,937.0387573242188,270.4879455566406,0.9340008497238159,928.0856323242188,225.138427734375,0.9178547859191895,916.9534912109375,275.8301086425781,0.7144595980644226,973.1325073242188,163.89601135253906,0.8004764318466187,941.4761962890625,284.4708251953125,0.26620179414749146,1088.592041015625,137.09854125976562,0.9851519465446472,1008.83740234375,339.138427734375,0.9524101614952087,1061.2744140625,184.0009765625,0.9530137181282043,952.2709350585938,437.368896484375,0.7031086683273315,926.1795043945312,348.2890625,0.8844603896141052,898.94287109375,417.6206359863281,0.7037376761436462,1467.899658203125,251.842041015625,0.9506105780601501,1407.9801025390625,388.9410400390625,0.919432520866394,1770.503173828125,106.2901611328125,0.9157116413116455,1721.942138671875,324.8231201171875,0.8829072713851929,1865.51806640625,287.1260986328125,0.8496841788291931,1848.591552734375,468.0396728515625,0.8320969939231873
114,822.886962890625,60.63702392578125,1919.403564453125,577.1802978515625,0.7761332988739014,0,1,942.9629516601562,271.24969482421875,0.9683124423027039,933.6472778320312,233.20867919921875,0.9682390093803406,922.271240234375,276.46429443359375,0.8660150766372681,974.117919921875,169.45596313476562,0.8761466145515442,943.5631103515625,274.27093505859375,0.4237123429775238,1079.609375,125.63864135742188,0.9887139201164246,1003.1007080078125,343.5256652832031,0.9488950371742249,1072.50048828125,197.3282470703125,0.9597647786140442,967.8455810546875,444.0541076660156,0.5837369561195374,925.6671142578125,356.2103576660156,0.8825965523719788,918.7008056640625,413.2565002441406,0.5968626737594604,1507.1842041015625,222.86778259277344,0.9123119711875916,1450.4478759765625,374.28558349609375,0.8341984748840332,1770.3013916015625,113.48741912841797,0.8817199468612671,1731.9041748046875,358.7939758300781,0.8046087026596069,1835.707275390625,238.66172790527344,0.7275311350822449,1842.642578125,476.10919189453125,0.6689423322677612
115,816.4476928710938,55.476287841796875,1920.0,599.4834594726562,0.7243569493293762,0,1,946.5655517578125,277.2578125,0.9367386698722839,939.5262451171875,235.87185668945312,0.9448938369750977,924.9405517578125,281.4663391113281,0.6961897015571594,982.3349609375,170.20489501953125,0.8566312789916992,941.412841796875,280.133544921875,0.21367283165454865,1091.01318359375,132.2051239013672,0.9879665970802307,1009.3983764648438,341.0111389160156,0.897708535194397,1069.7059326171875,211.01483154296875,0.9712865948677063,981.513671875,445.64495849609375,0.46405115723609924,922.356201171875,368.92230224609375,0.9146292209625244,914.4918212890625,407.6811218261719,0.5227038860321045,1507.109375,236.14869689941406,0.9406154751777649,1442.953857421875,379.7464599609375,0.8459604382514954,1784.83203125,125.27652740478516,0.9205102324485779,1727.541259765625,357.2709045410156,0.8238795399665833,1863.175048828125,281.8915710449219,0.8270213007926941,1842.5380859375,488.29522705078125,0.7498983144760132
116,820.2097778320312,64.69061279296875,1920.0,519.1845703125,0.7625365257263184,0,1,948.2854614257812,277.39501953125,0.94446861743927,937.1239013671875,237.4387664794922,0.9487058520317078,926.1959838867188,280.4045715332031,0.7604837417602539,969.98876953125,171.3622283935547,0.8438183069229126,941.19140625,274.6428527832031,0.29461005330085754,1076.3880615234375,136.3409423828125,0.9878174662590027,1013.7031860351562,341.40185546875,0.9032952785491943,1070.9990234375,230.03155517578125,0.9688681960105896,1019.91650390625,448.23272705078125,0.46680375933647156,923.5164184570312,376.519775390625,0.8985891342163086,920.6881713867188,420.1595458984375,0.5046746134757996,1517.6064453125,232.82418823242188,0.9145423769950867,1464.07275390625,375.8108825683594,0.7937931418418884,1808.36474609375,121.20515441894531,0.8901820182800293,1744.8724365234375,349.1150207519531,0.774143397808075,1860.0860595703125,252.77166748046875,0.7496797442436218,1847.4755859375,460.364990234375,0.6619978547096252
117,815.2395629882812,68.66642761230469,1920.0,588.8834228515625,0.8266142010688782,0,1,943.3343505859375,275.8034362792969,0.9397876262664795,937.55517578125,237.13966369628906,0.9461777210235596,922.7073974609375,277.70245361328125,0.6870534420013428,980.485107421875,170.645263671875,0.8801049590110779,940.2581176757812,270.8207092285156,0.21743474900722504,1083.68310546875,132.95321655273438,0.9912125468254089,1016.1707153320312,335.396484375,0.932981550693512,1056.470458984375,229.20057678222656,0.9795703887939453,994.4779052734375,447.71795654296875,0.5862153768539429,922.6640625,378.24310302734375,0.9328733682632446,910.64892578125,438.0438537597656,0.5953360795974731,1516.87451171875,233.56983947753906,0.9621846675872803,1461.17041015625,375.0334167480469,0.9047931432723999,1764.012451171875,175.08816528320312,0.9204034805297852,1708.999267578125,413.7232666015625,0.8294544816017151,1865.032470703125,254.40008544921875,0.7918398976325989,1845.9180908203125,484.82666015625,0.7070448994636536
118,812.6665649414062,74.26290893554688,1920.0,569.418212890625,0.826471745967865,0,1,947.1981811523438,276.6411437988281,0.9429080486297607,936.180908203125,238.6368408203125,0.9474269151687622,927.6602783203125,278.1351623535156,0.7441523671150208,968.4207763671875,171.82763671875,0.8539238572120667,947.1402587890625,266.3001403808594,0.29644009470939636,1075.498291015625,138.89028930664062,0.9905863404273987,1025.8839111328125,327.4886474609375,0.9155972599983215,1069.743896484375,243.7382354736328,0.9750305414199829,1024.986572265625,450.1123046875,0.5016856789588928,927.5560302734375,384.5006103515625,0.9094125628471375,916.6609497070312,442.75030517578125,0.5150049924850464,1518.50341796875,233.17205810546875,0.9319976568222046,1474.930419921875,366.460205078125,0.8254767060279846,1808.298583984375,146.011962890625,0.903806209564209,1757.816162109375,351.16351318359375,0.7930173277854919,1847.35009765625,273.24609375,0.7596055865287781,1842.00341796875,459.7978820800781,0.6723698973655701
119,817.08837890625,77.02386474609375,1920.0,558.843994140625,0.8466024994850159,0,1,950.3828125,277.8642578125,0.9355292320251465,939.4444580078125,239.4234619140625,0.9423415064811707,929.2486572265625,278.49725341796875,0.7033211588859558,971.313720703125,172.00025939941406,0.8632864356040955,947.2044677734375,265.0464782714844,0.2716807425022125,1075.9119873046875,145.5234375,0.990960419178009,1033.4803466796875,324.8681335449219,0.9198650121688843,1069.267578125,253.3355712890625,0.9776272773742676,1028.221923828125,449.1391296386719,0.5248476266860962,922.58447265625,384.99334716796875,0.9157655835151672,913.2607421875,427.597412109375,0.5296674370765686,1523.957275390625,248.16366577148438,0.9352962970733643,1484.1016845703125,374.2196044921875,0.8314268589019775,1794.7554931640625,187.91729736328125,0.8729444742202759,1751.4951171875,372.3357238769531,0.7305198907852173,1862.3778076171875,283.2872009277344,0.6580896973609924,1851.2860107421875,438.077392578125,0.556742787361145
120,814.66259765625,85.69541931152344,1920.0,555.4459228515625,0.8543993234634399,0,1,949.445556640625,277.97760009765625,0.9061793088912964,941.47900390625,240.21249389648438,0.9244179725646973,929.078369140625,279.1727294921875,0.5566257238388062,979.0911254882812,172.20506286621094,0.8833840489387512,949.2445678710938,266.340576171875,0.17310713231563568,1085.89599609375,143.43283081054688,0.9914801120758057,1044.992919921875,312.9738464355469,0.9228554368019104,1061.658203125,265.0469970703125,0.9823159575462341,1027.96728515625,442.4424133300781,0.5692896842956543,925.8089599609375,386.71051025390625,0.9298231601715088,911.9190673828125,425.6141052246094,0.5433962941169739,1530.2252197265625,238.0221405029297,0.9660404324531555,1489.99169921875,357.07379150390625,0.9055553078651428,1769.56103515625,252.08876037597656,0.8956553936004639,1730.106689453125,428.01275634765625,0.763809084892273,1895.7138671875,308.5495910644531,0.6847679018974304,1872.536865234375,452.94085693359375,0.5799422860145569
121,818.8046264648438,89.27865600585938,1919.135009765625,560.7353515625,0.8655083179473877,0,1,954.2411499023438,283.35015869140625,0.9026529788970947,945.35400390625,245.2540283203125,0.9232259392738342,933.397705078125,282.64263916015625,0.5146781802177429,980.7529907226562,171.91522216796875,0.9097166061401367,952.63916015625,263.0159606933594,0.15515199303627014,1080.4779052734375,144.5059814453125,0.994073212146759,1048.461669921875,307.9540100097656,0.9472712874412537,1067.480224609375,273.8388671875,0.9895241856575012,1042.32275390625,439.21783447265625,0.6725063323974609,931.61865234375,384.13531494140625,0.9533514380455017,913.1409912109375,426.3576965332031,0.6039127707481384,1502.227294921875,253.4716796875,0.982553243637085,1466.482177734375,366.1107177734375,0.9485376477241516,1685.6282958984375,300.18634033203125,0.9095633625984192,1646.999755859375,474.310791015625,0.7753870487213135,1881.4912109375,301.21514892578125,0.6555414199829102,1851.47998046875,442.1082458496094,0.5301545858383179
122,815.7423706054688,97.52174377441406,1919.251220703125,581.10888671875,0.8719373345375061,0,1,948.9385986328125,286.91998291015625,0.8596716523170471,945.7379150390625,245.88551330566406,0.8930402994155884,932.245361328125,281.2391357421875,0.36509448289871216,985.4262084960938,179.05096435546875,0.8964822888374329,950.544189453125,265.1413879394531,0.07988622039556503,1079.5872802734375,156.5060577392578,0.9878325462341309,1053.94921875,311.0830383300781,0.9102476835250854,1054.047119140625,268.51904296875,0.9799374938011169,1029.655517578125,436.2435302734375,0.5802783966064453,940.04736328125,384.8229675292969,0.9349250793457031,912.2382202148438,420.26336669921875,0.5434961318969727,1505.331298828125,249.87728881835938,0.972582995891571,1476.845947265625,356.5282287597656,0.92820805311203,1628.5133056640625,310.6763916015625,0.870628297328949,1612.53173828125,485.1418762207031,0.7106006145477295,1880.6707763671875,328.64544677734375,0.6350018382072449,1847.1353759765625,469.9814758300781,0.5108690857887268
123,817.8006591796875,94.94577026367188,1920.0,587.9999389648438,0.8665286898612976,0,1,948.9281005859375,287.96685791015625,0.8796429634094238,945.4190673828125,248.28109741210938,0.9009431600570679,934.166259765625,281.64959716796875,0.41622868180274963,983.92822265625,180.709716796875,0.8912801146507263,953.5491943359375,262.4674987792969,0.09679646790027618,1082.3214111328125,155.77764892578125,0.9895504117012024,1044.04638671875,306.8262939453125,0.9254099726676941,1054.984375,269.77850341796875,0.9818419218063354,1009.508544921875,441.9478759765625,0.628170907497406,937.7902221679688,388.327392578125,0.940788745880127,911.1633911132812,467.00396728515625,0.5917057991027832,1506.494140625,250.04348754882812,0.9769317507743835,1470.1246337890625,358.43951416015625,0.9416326880455017,1647.447021484375,310.14154052734375,0.893450915813446,1623.6287841796875,493.38214111328125,0.7642767429351807,1881.984619140625,340.91668701171875,0.678898811340332,1848.749267578125,503.70355224609375,0.5635911822319031
124,820.4020385742188,98.48112487792969,1920.0,565.6978759765625,0.8506492972373962,0,1,950.2142333984375,286.98736572265625,0.8356390595436096,946.7607421875,247.18858337402344,0.8770219683647156,933.320556640625,281.83984375,0.32668375968933105,984.992919921875,181.49624633789062,0.888635516166687,950.9111328125,265.2615661621094,0.07454413920640945,1078.042724609375,163.5742950439453,0.988301694393158,1051.655029296875,304.2971496582031,0.8903108835220337,1059.1732177734375,271.09228515625,0.9817020893096924,1030.325927734375,423.1877746582031,0.5345097184181213,944.1685180664062,387.47198486328125,0.9364079236984253,914.742431640625,426.7381591796875,0.4994144141674042,1483.5477294921875,263.7388916015625,0.9745156168937683,1454.4342041015625,362.65386962890625,0.9246533513069153,1637.8875732421875,328.2814025878906,0.8785914778709412,1619.6180419921875,482.8669738769531,0.705493688583374,1880.732421875,358.4036865234375,0.6508811712265015,1846.52783203125,473.34210205078125,0.5161319971084595
125,821.4995727539062,97.97808837890625,1919.8828125,581.3082885742188,0.8676307201385498,0,1,952.6871337890625,289.09814453125,0.8188257813453674,947.6571044921875,248.080322265625,0.8686482310295105,935.0308227539062,283.754150390625,0.2968030571937561,985.4408569335938,179.40728759765625,0.8880056142807007,954.6728515625,264.7410888671875,0.06865138560533524,1080.77490234375,160.20819091796875,0.9869214296340942,1061.679443359375,297.639892578125,0.8839306831359863,1063.8941650390625,275.189697265625,0.9795976281166077,1032.209228515625,422.9537658691406,0.5148535370826721,944.4783325195312,386.0455627441406,0.9283315539360046,913.09521484375,433.01715087890625,0.4727112054824829,1498.7786865234375,261.61822509765625,0.971097469329834,1476.8499755859375,358.63031005859375,0.9170743823051453,1631.044677734375,332.5714111328125,0.863693356513977,1635.234130859375,484.3417053222656,0.67939692735672,1889.084716796875,371.1063232421875,0.6132789850234985,1873.5985107421875,474.8627014160156,0.48022815585136414
126,822.6491088867188,97.95680236816406,1920.0,588.5885009765625,0.8724367022514343,0,1,953.5197143554688,289.57464599609375,0.8412927389144897,948.5645751953125,248.37872314453125,0.8767060041427612,936.976318359375,284.1402282714844,0.331651896238327,987.2656860351562,179.54232788085938,0.8852760791778564,957.9521484375,265.26287841796875,0.07877005636692047,1086.7601318359375,161.02310180664062,0.9885756373405457,1055.6160888671875,299.48187255859375,0.9091556072235107,1058.898193359375,279.5111999511719,0.9816839098930359,1005.9642333984375,439.25103759765625,0.5810940265655518,941.355224609375,390.61968994140625,0.9360467195510864,912.0028076171875,485.778564453125,0.5369928479194641,1514.72900390625,255.74380493164062,0.9745374917984009,1484.85302734375,356.2460632324219,0.9308288097381592,1665.3885498046875,325.7168884277344,0.8638610243797302,1659.6787109375,480.5151672363281,0.6949901580810547,1918.36083984375,360.8824768066406,0.6036432981491089,1892.09912109375,471.0040283203125,0.4822514057159424
127,822.7474365234375,95.65493774414062,1919.0885009765625,594.1788330078125,0.8800560235977173,0,1,954.4119873046875,289.5390930175781,0.8524457812309265,948.548583984375,248.42234802246094,0.872039794921875,938.02587890625,284.4601745605469,0.3655673563480377,982.0863037109375,180.19622802734375,0.8653580546379089,957.2122192382812,266.4996032714844,0.09749843180179596,1087.0419921875,161.41795349121094,0.9894182085990906,1053.5218505859375,298.75323486328125,0.9222850799560547,1057.9622802734375,282.24053955078125,0.9822019934654236,998.7980346679688,440.37957763671875,0.633575975894928,943.773193359375,391.58935546875,0.9384111166000366,912.87353515625,494.55621337890625,0.5976122617721558,1540.0791015625,248.73318481445312,0.9731629490852356,1508.31396484375,351.52490234375,0.931677520275116,1730.8084716796875,338.84014892578125,0.8264629244804382,1721.052490234375,487.40655517578125,0.6529676914215088,1920.0,356.29705810546875,0.5152211785316467,1920.0,459.4488830566406,0.41277140378952026
128,827.1930541992188,92.4525146484375,1920.0,590.8369140625,0.8828890919685364,0,1,965.9298706054688,286.2640686035156,0.9035993814468384,951.40771484375,246.8779296875,0.9112169146537781,943.5128173828125,285.48126220703125,0.5704195499420166,979.169677734375,171.61276245117188,0.8543627262115479,964.6591186523438,260.9141845703125,0.2507071793079376,1092.6405029296875,152.69557189941406,0.9935746788978577,1066.0384521484375,301.99603271484375,0.9371280670166016,1073.962890625,280.98553466796875,0.9873529672622681,1050.234619140625,457.699951171875,0.638724148273468,927.8040771484375,379.47076416015625,0.9430734515190125,925.1923828125,477.4296875,0.6041776537895203,1564.44775390625,252.3628692626953,0.9577113389968872,1531.8121337890625,360.0973205566406,0.8791376948356628,1843.4044189453125,347.0763854980469,0.7354487776756287,1788.091796875,475.51043701171875,0.5051169395446777,1915.6512451171875,333.0993347167969,0.28197014331817627,1873.331298828125,397.4774169921875,0.21011675894260406
129,826.3742065429688,91.91825866699219,1918.494384765625,603.3375244140625,0.8513281345367432,0,1,955.3328247070312,288.2469177246094,0.8512707352638245,951.1925048828125,248.08108520507812,0.8745026588439941,938.849365234375,281.82293701171875,0.3655847907066345,984.91455078125,177.58607482910156,0.8654229640960693,956.1622924804688,259.2572937011719,0.09477023780345917,1085.2384033203125,157.65028381347656,0.9884465932846069,1054.442138671875,292.7255859375,0.90863037109375,1060.427734375,287.8643493652344,0.9809321165084839,1018.826171875,436.13031005859375,0.5947219729423523,944.5178833007812,394.3944091796875,0.9338670969009399,909.1895751953125,486.49798583984375,0.5621225833892822,1537.0887451171875,249.24404907226562,0.9658975601196289,1505.412109375,351.99005126953125,0.9115927815437317,1745.1650390625,356.8843994140625,0.760013222694397,1726.7735595703125,510.8028564453125,0.5524005889892578,1920.0,334.1402587890625,0.40975284576416016,1920.0,453.28656005859375,0.3109372556209564
130,831.9475708007812,90.60227966308594,1919.2509765625,605.3887329101562,0.8817476630210876,0,1,961.063720703125,281.64617919921875,0.9404596090316772,948.6519775390625,242.44180297851562,0.9348356127738953,939.8292846679688,280.6962585449219,0.7031693458557129,978.51220703125,167.1368408203125,0.8612861037254333,958.7052612304688,256.4449462890625,0.3415461480617523,1096.556640625,147.33450317382812,0.9960448145866394,1039.7197265625,300.21649169921875,0.962957501411438,1071.519775390625,272.8068542480469,0.991517186164856,1000.2286376953125,469.26885986328125,0.7485374808311462,930.4759521484375,380.3009033203125,0.9612792134284973,916.5450439453125,513.752197265625,0.7084159851074219,1543.8944091796875,257.51727294921875,0.9742984175682068,1490.286376953125,367.6976623535156,0.9252972602844238,1855.5816650390625,371.0642395019531,0.7989820241928101,1777.3271484375,490.9697570800781,0.599807858467102,1901.5909423828125,368.04583740234375,0.32308804988861084,1832.192626953125,428.487060546875,0.24712727963924408
131,827.1051635742188,92.83760833740234,1917.743408203125,624.0759887695312,0.856755793094635,0,1,952.5087890625,285.12640380859375,0.9166885018348694,947.829345703125,245.33663940429688,0.9116817712783813,936.6084594726562,280.73980712890625,0.5583552718162537,982.8125610351562,176.8014678955078,0.8644717931747437,956.1556396484375,263.4736328125,0.17772334814071655,1096.1552734375,160.24322509765625,0.9932408332824707,1039.0537109375,300.5081787109375,0.9519352912902832,1054.7828369140625,279.63427734375,0.9853606820106506,989.3897705078125,441.75628662109375,0.7308803200721741,944.853759765625,394.4564208984375,0.9478814601898193,912.4920043945312,505.60260009765625,0.6986525058746338,1529.9703369140625,261.62103271484375,0.978201150894165,1479.893310546875,369.50006103515625,0.9475731253623962,1814.2899169921875,370.2922668457031,0.8417526483535767,1766.5660400390625,527.4593505859375,0.7090040445327759,1920.0,379.468017578125,0.5191497206687927,1911.45361328125,510.50567626953125,0.4339180886745453
132,825.7022094726562,100.33563995361328,1917.27294921875,624.2371826171875,0.8334352970123291,0,1,954.9212036132812,284.6880798339844,0.9089304208755493,950.4852905273438,244.522705078125,0.911691427230835,936.5457763671875,280.5728759765625,0.5352851748466492,985.289794921875,176.68771362304688,0.8777693510055542,952.0870361328125,264.9978942871094,0.15855644643306732,1088.4605712890625,162.64401245117188,0.9913206696510315,1041.843994140625,301.65673828125,0.9465484619140625,1051.933837890625,286.4275817871094,0.9813758134841919,991.991455078125,440.49505615234375,0.6972583532333374,943.1317749023438,397.43438720703125,0.9347034096717834,913.298828125,502.66107177734375,0.6471602916717529,1523.9090576171875,264.03375244140625,0.9747093319892883,1480.981689453125,370.3121337890625,0.9420280456542969,1763.82373046875,370.5732421875,0.8296916484832764,1731.810791015625,528.5543823242188,0.6905452013015747,1920.0,382.31982421875,0.5017102360725403,1919.65869140625,506.306396484375,0.4170955717563629
133,824.247802734375,101.55095672607422,1917.689208984375,619.80859375,0.8759765625,0,1,953.1099243164062,284.3962097167969,0.9274024963378906,948.7872314453125,244.63417053222656,0.9227886199951172,936.3685913085938,279.8509521484375,0.6041094064712524,984.3485107421875,176.68313598632812,0.8842006921768188,954.6456298828125,263.1947937011719,0.19853778183460236,1089.884033203125,162.9892578125,0.9932239055633545,1038.8992919921875,303.54150390625,0.9642825126647949,1049.3978271484375,282.6892395019531,0.983782947063446,989.8778076171875,444.5650634765625,0.7736549973487854,944.7280883789062,393.30645751953125,0.9424639940261841,914.183349609375,505.29461669921875,0.7174432873725891,1514.9110107421875,263.7149963378906,0.9802204370498657,1469.2568359375,370.1351623535156,0.9580836892127991,1759.3502197265625,366.7078857421875,0.8517999649047852,1716.0596923828125,525.8381958007812,0.7425256967544556,1920.0,368.59130859375,0.5397024154663086,1898.5748291015625,501.3365478515625,0.4662761986255646
134,825.3187866210938,97.65552520751953,1918.236083984375,621.5931396484375,0.8707100749015808,0,1,951.5328369140625,285.14208984375,0.9172696471214294,947.2754516601562,244.22491455078125,0.9204132556915283,934.042236328125,280.4642028808594,0.559099018573761,985.0609130859375,175.63082885742188,0.8859142661094666,951.6835327148438,264.189697265625,0.16300858557224274,1090.962646484375,160.45257568359375,0.9917706251144409,1038.669921875,303.23614501953125,0.9495545625686646,1052.9044189453125,279.2839660644531,0.9817957282066345,988.75830078125,443.202880859375,0.7036376595497131,941.0753173828125,393.73101806640625,0.9370685815811157,911.8562622070312,504.0451354980469,0.6546158790588379,1514.9996337890625,259.2725830078125,0.9773402214050293,1468.713623046875,366.08251953125,0.948204755783081,1739.6787109375,360.0791015625,0.8665269017219543,1701.91064453125,523.0319213867188,0.747654378414154,1920.0,392.9739990234375,0.5782338976860046,1891.036376953125,524.28857421875,0.4897914528846741
135,828.5906982421875,97.1854476928711,1918.2337646484375,618.08203125,0.8688158988952637,0,1,948.56005859375,283.37744140625,0.9181452393531799,945.8079833984375,243.7047119140625,0.9168816804885864,931.8204345703125,277.50836181640625,0.5596179366111755,984.4290771484375,175.58042907714844,0.8787766098976135,949.906005859375,259.3572692871094,0.16739331185817719,1088.1456298828125,161.2744140625,0.9922966361045837,1036.981689453125,303.4225158691406,0.9547893404960632,1049.1141357421875,285.6450500488281,0.983081042766571,989.1500244140625,446.5836181640625,0.738565981388092,941.6200561523438,397.2720947265625,0.942658543586731,911.54248046875,506.0411682128906,0.6955958008766174,1520.365234375,261.4857177734375,0.9764876365661621,1474.726806640625,370.1231689453125,0.9481655359268188,1763.580078125,360.67657470703125,0.8288178443908691,1722.78515625,528.800048828125,0.7002954483032227,1920.0,346.144775390625,0.5079143047332764,1897.08642578125,495.2222900390625,0.42687588930130005
136,828.9017944335938,97.55149841308594,1918.1376953125,612.3273315429688,0.8654251098632812,0,1,946.7092895507812,283.03314208984375,0.8930814862251282,944.8560791015625,243.50210571289062,0.8988257646560669,928.0596313476562,277.8549499511719,0.4806012213230133,983.2349853515625,176.84814453125,0.8636747002601624,941.8167724609375,262.6798095703125,0.1291957050561905,1081.268798828125,162.5631866455078,0.9904779195785522,1035.2127685546875,309.22833251953125,0.926274836063385,1048.4112548828125,289.4905700683594,0.9817332029342651,1008.5928955078125,442.5517272949219,0.6399778127670288,937.9520263671875,401.7635192871094,0.937945544719696,898.97021484375,498.2423400878906,0.6112618446350098,1513.20068359375,255.12258911132812,0.971589207649231,1469.6824951171875,367.4669494628906,0.928672730922699,1780.281005859375,349.7710876464844,0.8196309208869934,1737.428466796875,532.0541381835938,0.6603699326515198,1920.0,325.39691162109375,0.5164700150489807,1908.975341796875,490.6754150390625,0.4142288863658905
137,830.0440063476562,91.19073486328125,1918.79443359375,617.8617553710938,0.877432107925415,0,1,946.5684814453125,282.73492431640625,0.9111468195915222,943.95703125,243.51126098632812,0.9037175178527832,930.58251953125,277.818603515625,0.5406988859176636,982.06494140625,175.55191040039062,0.8602899312973022,948.587158203125,260.93328857421875,0.16234520077705383,1082.796875,161.96533203125,0.992544949054718,1029.5257568359375,309.8005676269531,0.9539420008659363,1046.1279296875,291.07550048828125,0.9845588803291321,991.5071411132812,452.3568420410156,0.7459683418273926,940.8729248046875,399.59735107421875,0.94745934009552,911.8972778320312,512.46875,0.707216203212738,1504.37255859375,262.93939208984375,0.978310763835907,1456.7852783203125,377.2459716796875,0.9506383538246155,1782.37158203125,345.6847229003906,0.8331508040428162,1732.9786376953125,532.1876831054688,0.706470251083374,1920.0,309.90753173828125,0.5304144024848938,1903.5303955078125,485.8164367675781,0.4436843991279602
138,830.3439331054688,90.21931457519531,1918.451904296875,613.6536865234375,0.8751637935638428,0,1,945.585693359375,283.0496826171875,0.9183310866355896,942.0655517578125,244.57293701171875,0.9103633761405945,928.7719116210938,280.08154296875,0.5868852734565735,978.4843139648438,178.76779174804688,0.8600248098373413,944.6865234375,267.28643798828125,0.17925705015659332,1077.15283203125,163.2469482421875,0.9909918308258057,1024.0501708984375,315.1859130859375,0.9541598558425903,1045.629638671875,287.4938049316406,0.97982257604599,989.1685180664062,450.74609375,0.7407516241073608,939.2503662109375,399.2474365234375,0.9347760081291199,912.3063354492188,509.547607421875,0.694494903087616,1490.431640625,262.9727478027344,0.9752545356750488,1442.0731201171875,379.22021484375,0.94883131980896,1754.43017578125,336.2891540527344,0.8405256867408752,1703.761962890625,531.80615234375,0.7332504391670227,1920.0,317.8146057128906,0.561379075050354,1886.9814453125,503.5084533691406,0.48259031772613525
139,834.749267578125,89.85944366455078,1917.8140869140625,609.9207763671875,0.8806442022323608,0,1,951.1690063476562,282.33905029296875,0.9252395033836365,942.9873046875,244.25234985351562,0.9207608103752136,929.445556640625,280.470947265625,0.6015348434448242,976.452880859375,170.95651245117188,0.8859177231788635,945.3433227539062,260.3843688964844,0.23734229803085327,1079.4967041015625,149.62615966796875,0.996569037437439,1027.95849609375,310.14556884765625,0.9684712886810303,1061.281982421875,276.2574157714844,0.9936771988868713,997.7891235351562,468.52874755859375,0.788292407989502,932.6656494140625,393.15618896484375,0.970612645149231,912.2427978515625,519.7252197265625,0.7294888496398926,1503.462646484375,264.13214111328125,0.9869275689125061,1455.1533203125,379.63140869140625,0.960656464099884,1788.572509765625,373.93292236328125,0.871284544467926,1739.226318359375,524.3037719726562,0.7114267945289612,1918.5758056640625,332.4573669433594,0.47231173515319824,1867.69921875,446.0804443359375,0.36399292945861816
140,831.012451171875,92.20756530761719,1917.830078125,610.8838500976562,0.8874067664146423,0,1,944.486572265625,281.72528076171875,0.9060372114181519,940.8326416015625,244.70858764648438,0.8898786306381226,928.8040771484375,277.9570007324219,0.5358391404151917,972.0029296875,181.11117553710938,0.859322190284729,943.7664184570312,263.7906494140625,0.18375582993030548,1072.501708984375,168.32974243164062,0.9941224455833435,1019.499755859375,309.18817138671875,0.967805027961731,1043.481201171875,284.6907043457031,0.9877097606658936,984.3406982421875,451.681396484375,0.813158392906189,942.3858642578125,398.64202880859375,0.9541864395141602,914.57666015625,514.6419677734375,0.755903422832489,1484.999267578125,275.25225830078125,0.986572265625,1435.850341796875,382.23199462890625,0.9701523780822754,1760.203125,373.32073974609375,0.8657143712043762,1705.05029296875,526.2255249023438,0.7593854665756226,1920.0,337.60455322265625,0.5598113536834717,1891.542724609375,472.936279296875,0.48253846168518066
141,834.9620361328125,93.96416473388672,1917.3944091796875,614.869384765625,0.8909421563148499,0,1,951.5220336914062,283.4576721191406,0.9274706840515137,942.35791015625,246.70144653320312,0.9180088639259338,932.9642333984375,280.96588134765625,0.6158252358436584,971.1494750976562,174.61782836914062,0.8874329328536987,950.0974731445312,258.4013671875,0.26752179861068726,1076.9425048828125,151.54962158203125,0.9971250891685486,1022.9168701171875,300.91070556640625,0.9760802984237671,1060.15185546875,276.6382141113281,0.9946322441101074,986.1771240234375,464.06378173828125,0.8348092436790466,936.4013671875,391.39544677734375,0.9740246534347534,916.94677734375,518.21435546875,0.7719983458518982,1493.8741455078125,264.49505615234375,0.990755021572113,1442.69091796875,373.3414306640625,0.9730179905891418,1772.765625,402.33087158203125,0.8947350382804871,1715.3653564453125,531.5169677734375,0.7600064873695374,1909.510009765625,371.73046875,0.48727720975875854,1848.9803466796875,463.488037109375,0.38395580649375916
142,835.2233276367188,90.70978546142578,1917.303955078125,615.0345458984375,0.8900381922721863,0,1,951.3724365234375,285.24053955078125,0.9269291758537292,941.59619140625,248.8644561767578,0.9115233421325684,932.9935913085938,283.928955078125,0.6240792274475098,969.2883911132812,177.17523193359375,0.8717056512832642,950.889892578125,263.371337890625,0.2803601622581482,1078.2041015625,149.32537841796875,0.9969648718833923,1020.7833251953125,307.17108154296875,0.9774970412254333,1062.488037109375,275.05596923828125,0.9944533705711365,986.0216674804688,469.66644287109375,0.8535506725311279,938.0540771484375,390.514892578125,0.9745731353759766,914.3794555664062,519.9483642578125,0.8002274036407471,1498.1124267578125,267.7281494140625,0.989464521408081,1444.2816162109375,381.77191162109375,0.9712969660758972,1786.92431640625,393.556396484375,0.8664939999580383,1723.2235107421875,536.578369140625,0.7228618860244751,1901.6063232421875,335.5379638671875,0.43438807129859924,1839.685302734375,447.0921936035156,0.34261634945869446
143,835.2110595703125,89.80508422851562,1917.5628662109375,614.4644775390625,0.8940381407737732,0,1,950.515869140625,287.610107421875,0.9278960227966309,940.540771484375,251.0980682373047,0.9108744263648987,933.2861328125,285.2777099609375,0.6279740333557129,967.9686279296875,176.55880737304688,0.8656829595565796,952.8081665039062,260.2603759765625,0.28177860379219055,1078.3494873046875,146.611328125,0.9969342947006226,1023.82470703125,300.2777099609375,0.977510929107666,1066.5390625,277.08026123046875,0.9944479465484619,990.5927124023438,464.18792724609375,0.8603531122207642,940.735107421875,389.18084716796875,0.9752328991889954,916.3082885742188,521.2401123046875,0.8112564086914062,1498.66015625,266.68597412109375,0.9892141222953796,1446.9869384765625,379.2611083984375,0.9713408350944519,1785.462158203125,392.3427734375,0.8645270466804504,1724.8560791015625,538.5437622070312,0.7252558469772339,1893.4324951171875,332.25244140625,0.43218526244163513,1832.0986328125,451.5018310546875,0.3423980474472046
144,834.8232421875,90.075439453125,1916.952392578125,614.2955932617188,0.8907334804534912,0,1,952.2127075195312,285.9894714355469,0.9266667366027832,941.8712768554688,249.65716552734375,0.9131849408149719,933.953125,285.2523193359375,0.6280591487884521,967.801513671875,177.22869873046875,0.8742676973342896,949.663330078125,264.4881591796875,0.2730315923690796,1074.48583984375,145.6754608154297,0.996726393699646,1019.5185546875,305.8761291503906,0.9765497446060181,1067.385498046875,271.9754943847656,0.9940453767776489,993.849853515625,465.33819580078125,0.8462108373641968,938.322265625,389.407470703125,0.9725625514984131,913.7840576171875,519.7642822265625,0.7840647101402283,1488.19775390625,263.66845703125,0.9902423024177551,1435.8458251953125,378.1853942871094,0.9737480878829956,1756.209228515625,388.1025695800781,0.893410861492157,1696.612548828125,538.3363037109375,0.7701452374458313,1895.162841796875,349.26348876953125,0.5038999915122986,1832.686279296875,468.7189636230469,0.40391501784324646
145,833.8247680664062,89.98617553710938,1917.1138916015625,621.1027221679688,0.8967906832695007,0,1,950.2933959960938,286.178955078125,0.9299675822257996,939.9420776367188,250.29981994628906,0.912712574005127,933.343505859375,284.9697265625,0.643233060836792,966.781982421875,178.1209259033203,0.8693059682846069,952.6776123046875,262.4913330078125,0.3029428720474243,1079.4625244140625,147.38092041015625,0.9971933960914612,1021.973876953125,301.8497314453125,0.9788483381271362,1068.3067626953125,271.4349060058594,0.9946591258049011,992.7733154296875,462.3895263671875,0.8648947477340698,938.4937133789062,387.99334716796875,0.9756699204444885,913.146728515625,519.8932495117188,0.8132240176200867,1486.5250244140625,266.91680908203125,0.9907129406929016,1433.676025390625,377.48211669921875,0.9751191735267639,1761.015869140625,393.2947082519531,0.8961654901504517,1702.8079833984375,536.06787109375,0.7789492607116699,1852.19970703125,355.6804504394531,0.5110528469085693,1806.31640625,468.9266357421875,0.4133514165878296
146,833.5894775390625,89.50149536132812,1917.056396484375,625.93017578125,0.8932851552963257,0,1,948.7332763671875,285.07916259765625,0.924541175365448,938.7677001953125,249.25213623046875,0.9088123440742493,931.2830810546875,283.9420166015625,0.619059681892395,965.7764282226562,178.17318725585938,0.8693362474441528,949.7719116210938,262.4512023925781,0.2846907079219818,1077.2076416015625,149.3570098876953,0.9970329999923706,1021.6408081054688,301.9410400390625,0.9767442941665649,1065.0377197265625,273.8509521484375,0.9945025444030762,990.0825805664062,463.24725341796875,0.8523913025856018,936.9276123046875,389.4154357910156,0.9746382236480713,911.9514770507812,520.5018920898438,0.7985442280769348,1493.793212890625,266.8909606933594,0.9898512363433838,1441.7232666015625,376.902099609375,0.9720867276191711,1773.94384765625,397.1212158203125,0.8802428841590881,1716.166015625,533.4735107421875,0.745015025138855,1875.0721435546875,352.93280029296875,0.4670606851577759,1823.662109375,455.63726806640625,0.37093386054039
147,832.8973388671875,90.56719207763672,1917.158935546875,629.3673095703125,0.8912307620048523,0,1,948.9061279296875,286.0022888183594,0.9185206294059753,939.6505126953125,250.26351928710938,0.9030159115791321,931.5723266601562,283.9073791503906,0.5925799608230591,966.4287109375,178.80850219726562,0.8629113435745239,949.1035766601562,260.8619079589844,0.2646860182285309,1074.82470703125,148.6055145263672,0.9969218373298645,1021.3843994140625,303.0660400390625,0.9725808501243591,1067.236083984375,273.55535888671875,0.9946103096008301,991.9561157226562,468.09722900390625,0.8316662311553955,936.278076171875,390.51397705078125,0.9753419756889343,909.8966674804688,522.5325317382812,0.7824488282203674,1495.8651123046875,267.9852600097656,0.9888923764228821,1446.139404296875,379.6921691894531,0.9673915505409241,1783.7061767578125,401.477783203125,0.8706299066543579,1734.716552734375,539.5843505859375,0.7166669368743896,1880.5535888671875,352.34271240234375,0.44250452518463135,1835.2664794921875,459.48583984375,0.34054386615753174
148,832.6063842773438,90.70257568359375,1917.120849609375,632.4232177734375,0.8905829191207886,0,1,948.1631469726562,285.6428527832031,0.9193053245544434,938.4651489257812,249.72830200195312,0.9055296182632446,929.5152587890625,284.8604736328125,0.5985193848609924,965.6504516601562,179.5246124267578,0.8656660914421082,945.6051635742188,264.9183654785156,0.2674500644207001,1076.03125,151.03076171875,0.9968275427818298,1021.8565063476562,305.43536376953125,0.9715400338172913,1067.548828125,274.21453857421875,0.9943186640739441,992.9798583984375,468.3274841308594,0.8241070508956909,936.1962890625,392.42718505859375,0.9738597869873047,910.586181640625,520.038330078125,0.7734307050704956,1497.4697265625,266.49932861328125,0.9881520867347717,1446.622802734375,376.67230224609375,0.9651449918746948,1784.53369140625,407.24560546875,0.8618000149726868,1734.771240234375,537.2017822265625,0.6996731162071228,1882.2626953125,361.41265869140625,0.4211128354072571,1833.352294921875,451.9241638183594,0.32299157977104187
149,831.6890258789062,90.34716796875,1916.751953125,638.0618896484375,0.8934527039527893,0,1,948.3924560546875,288.9479064941406,0.9086323380470276,937.9749755859375,251.99386596679688,0.895230770111084,929.4973754882812,288.73016357421875,0.5538634657859802,964.7766723632812,180.41441345214844,0.8647644519805908,945.6580810546875,268.6388244628906,0.24520109593868256,1075.7900390625,152.62823486328125,0.9971222281455994,1023.3466186523438,307.2738952636719,0.9699851274490356,1069.628662109375,270.9644470214844,0.9951670169830322,993.9969482421875,472.7472839355469,0.8149783611297607,937.0848999023438,390.3600769042969,0.9763442277908325,909.5553588867188,518.365234375,0.7616139054298401,1494.52490234375,270.7269592285156,0.9902188181877136,1445.194091796875,379.11163330078125,0.9681476354598999,1790.7548828125,418.072265625,0.8813462853431702,1746.2127685546875,533.558349609375,0.7163795232772827,1892.831787109375,387.8350524902344,0.4455794095993042,1849.882080078125,451.5274658203125,0.33732590079307556
150,831.7472534179688,91.17313385009766,1916.676025390625,638.8987426757812,0.8900236487388611,0,1,948.9716796875,288.84063720703125,0.9127382040023804,938.701171875,252.1413116455078,0.9009911417961121,930.6427001953125,288.2978820800781,0.5654698610305786,965.37109375,180.36447143554688,0.8706845641136169,946.8592529296875,267.27386474609375,0.2434663027524948,1075.5595703125,152.10130310058594,0.9971400499343872,1021.3822631835938,304.9954528808594,0.9704088568687439,1070.4503173828125,272.4031066894531,0.995192289352417,996.819091796875,469.0615539550781,0.8131978511810303,936.813720703125,389.6829528808594,0.9758797883987427,908.294677734375,517.6419677734375,0.7523455023765564,1487.851318359375,272.3092041015625,0.9912199378013611,1436.017578125,380.3070373535156,0.9712609648704529,1782.19580078125,419.7529296875,0.8997265696525574,1729.7265625,538.7486572265625,0.7516756653785706,1900.5604248046875,400.28326416015625,0.4886668026447296,1850.0057373046875,472.1666564941406,0.37401023507118225
151,832.0211791992188,91.32028198242188,1916.807373046875,642.16845703125,0.8868768215179443,0,1,948.2655029296875,287.9293518066406,0.9129401445388794,937.7803344726562,250.972900390625,0.9017543792724609,929.88134765625,287.9806823730469,0.5653571486473083,965.2919311523438,179.68692016601562,0.8725254535675049,947.8280639648438,268.1866760253906,0.24620552361011505,1077.853271484375,152.7714385986328,0.9971452355384827,1023.482177734375,304.703125,0.9704717993736267,1068.2596435546875,272.4626159667969,0.9951150417327881,993.6083984375,470.2716979980469,0.8117009401321411,936.5615844726562,389.2711486816406,0.9753608107566833,908.3642578125,516.8296508789062,0.7511326670646667,1492.36572265625,272.21533203125,0.9908220767974854,1440.1029052734375,379.2461242675781,0.9699272513389587,1792.802001953125,423.74981689453125,0.8923022150993347,1738.112060546875,536.2293701171875,0.7368589043617249,1906.04296875,406.82928466796875,0.4641772210597992,1852.905517578125,467.12493896484375,0.35420480370521545
152,832.11328125,91.37283325195312,1916.915771484375,648.6873779296875,0.8740851283073425,0,1,948.7428588867188,287.5836181640625,0.9209498763084412,938.2593383789062,250.992919921875,0.9087464213371277,930.4866943359375,287.8165283203125,0.5967196822166443,965.2802734375,180.57302856445312,0.8778698444366455,948.512451171875,269.0523681640625,0.26600921154022217,1075.66650390625,153.64036560058594,0.9971967935562134,1021.8773803710938,307.586669921875,0.9737944602966309,1064.366455078125,271.27703857421875,0.9950226545333862,993.0166015625,469.25836181640625,0.8278180360794067,936.9856567382812,388.3089294433594,0.9754317998886108,910.85498046875,513.5234375,0.7683634757995605,1487.2073974609375,269.869873046875,0.9909981489181519,1434.8118896484375,378.364013671875,0.9719468355178833,1783.3077392578125,420.18310546875,0.8912992477416992,1721.31494140625,539.828125,0.7433004975318909,1900.832763671875,393.95062255859375,0.4625371992588043,1839.9658203125,464.8424377441406,0.35639822483062744
153,831.7465209960938,92.58013916015625,1917.1455078125,646.6978759765625,0.8866385817527771,0,1,949.7298583984375,290.022216796875,0.9218027591705322,938.9842529296875,252.51947021484375,0.9103145599365234,931.25439453125,289.7634582519531,0.6015927791595459,965.6480712890625,179.40667724609375,0.8777123689651489,948.2864990234375,268.1505432128906,0.2698608636856079,1078.22119140625,153.58360290527344,0.9972182512283325,1023.790771484375,303.05450439453125,0.9728082418441772,1066.5169677734375,272.20635986328125,0.9949924349784851,994.2178344726562,467.7314758300781,0.8220504522323608,936.9508056640625,389.6463317871094,0.9750369191169739,912.6798706054688,511.11639404296875,0.7626108527183533,1488.231689453125,271.60791015625,0.9902594685554504,1435.281494140625,376.239501953125,0.9690645933151245,1784.494873046875,426.79974365234375,0.8788714408874512,1723.7978515625,533.272216796875,0.7150880694389343,1895.944580078125,403.6454772949219,0.42788824439048767,1837.978515625,454.3038024902344,0.3246104419231415
154,831.3400268554688,93.65160369873047,1916.92236328125,652.4722900390625,0.8886042237281799,0,1,949.275390625,290.22149658203125,0.9275722503662109,938.7623291015625,252.71429443359375,0.9171946048736572,930.5462646484375,290.20697021484375,0.6227998733520508,966.1800537109375,180.180419921875,0.884887158870697,947.8284912109375,269.38677978515625,0.28183647990226746,1077.902099609375,155.87451171875,0.9973137974739075,1024.117431640625,303.46356201171875,0.9744991064071655,1062.9022216796875,273.028564453125,0.9949363470077515,992.576904296875,465.79876708984375,0.8258776068687439,936.04443359375,389.6509094238281,0.974402666091919,911.8736572265625,509.94451904296875,0.7628375291824341,1486.517822265625,272.43408203125,0.9905683398246765,1433.5111083984375,376.01458740234375,0.9704172611236572,1784.7220458984375,426.6997375488281,0.8850579261779785,1721.2371826171875,530.1128540039062,0.7294321656227112,1901.11181640625,409.7760314941406,0.4414283037185669,1839.57275390625,455.6614990234375,0.33924657106399536
155,830.4230346679688,95.15503692626953,1916.835205078125,650.6761474609375,0.8894904255867004,0,1,948.8226928710938,289.8769836425781,0.921916663646698,938.4425048828125,253.4018096923828,0.9117229580879211,930.748291015625,290.23748779296875,0.6050081253051758,965.664794921875,182.9208984375,0.8824191093444824,948.8062744140625,270.80450439453125,0.2723301351070404,1076.440673828125,157.09735107421875,0.9971566200256348,1023.3929443359375,305.8667907714844,0.972942054271698,1061.65234375,269.66473388671875,0.9947592616081238,994.245361328125,466.3643798828125,0.8188461661338806,934.9420166015625,387.4395446777344,0.9736112356185913,910.4346923828125,509.3558349609375,0.7539412975311279,1482.0054931640625,271.11376953125,0.990791916847229,1429.19580078125,375.11602783203125,0.9709257483482361,1779.32275390625,425.1799621582031,0.894500732421875,1713.7188720703125,529.80517578125,0.7467291355133057,1896.984130859375,412.6782531738281,0.47028040885925293,1833.8536376953125,463.3641357421875,0.36403903365135193
156,830.306396484375,92.99285888671875,1916.548828125,653.1859130859375,0.8955777287483215,0,1,948.6390380859375,292.2170715332031,0.9193728566169739,938.160888671875,255.30816650390625,0.9106420874595642,930.6172485351562,292.065673828125,0.5920672416687012,965.4755859375,182.9788055419922,0.8839011192321777,948.755615234375,270.11041259765625,0.26205915212631226,1076.4097900390625,157.02378845214844,0.9972084164619446,1024.7520751953125,301.29827880859375,0.9727105498313904,1064.595947265625,271.9345703125,0.9949315190315247,994.6382446289062,462.3331604003906,0.8174171447753906,934.6902465820312,387.4404296875,0.9739068150520325,912.3922119140625,504.4792785644531,0.7503756880760193,1483.790283203125,274.47894287109375,0.9910229444503784,1432.510009765625,376.33245849609375,0.9712193608283997,1777.2747802734375,426.4617004394531,0.8937423825263977,1720.545654296875,526.0792846679688,0.7421780228614807,1905.223388671875,415.7533264160156,0.46443971991539,1849.863525390625,458.927001953125,0.35791411995887756
157,827.98388671875,93.13861083984375,1916.35986328125,649.2362060546875,0.8922876715660095,0,1,949.5809326171875,291.8634033203125,0.92389315366745,938.937255859375,255.13687133789062,0.9165323376655579,932.6416625976562,291.3408203125,0.6087105870246887,966.2554321289062,183.19276428222656,0.8898055553436279,953.1092529296875,269.0367431640625,0.2691914141178131,1077.740234375,157.63412475585938,0.997093915939331,1027.907470703125,300.88134765625,0.972558856010437,1064.2391357421875,269.3835144042969,0.99456387758255,995.568359375,463.59930419921875,0.811712920665741,936.5635986328125,386.2666015625,0.9720454216003418,908.5270385742188,505.3646240234375,0.7400203943252563,1482.23388671875,274.934814453125,0.9904184937477112,1430.8670654296875,375.3211669921875,0.9695648550987244,1779.4755859375,438.255615234375,0.8860923647880554,1712.850830078125,531.5014038085938,0.7281915545463562,1911.649658203125,430.6560974121094,0.43497151136398315,1842.222412109375,468.23748779296875,0.3333098590373993
158,829.225341796875,94.619384765625,1918.5439453125,650.6995239257812,0.8991798758506775,0,1,948.4649047851562,288.20526123046875,0.9332243204116821,934.9947509765625,252.8599853515625,0.9201294779777527,930.1734008789062,288.0919189453125,0.698819637298584,958.7906494140625,181.84548950195312,0.8563233017921448,946.7076416015625,263.29058837890625,0.37254419922828674,1073.10986328125,158.19619750976562,0.9963023662567139,1020.0763549804688,299.3371887207031,0.9722025394439697,1067.665283203125,272.27520751953125,0.9924115538597107,996.5293579101562,470.7021789550781,0.8190194964408875,931.9573974609375,380.39520263671875,0.9642459154129028,909.75244140625,511.7507629394531,0.7573320269584656,1485.9493408203125,279.16583251953125,0.9840070605278015,1431.423095703125,376.89227294921875,0.9562069177627563,1772.976318359375,450.1282958984375,0.8092313408851624,1680.99609375,534.97216796875,0.6248648762702942,1857.816650390625,419.1579895019531,0.28035768866539,1759.706787109375,441.9774169921875,0.2170490324497223
159,827.3743286132812,95.33040618896484,1918.47412109375,655.9788208007812,0.8911526799201965,0,1,949.3386840820312,290.5186462402344,0.9325687885284424,935.8001708984375,254.74969482421875,0.923173189163208,931.265380859375,290.1651306152344,0.6921485066413879,960.273193359375,182.844970703125,0.8618223071098328,948.81982421875,264.3376770019531,0.3581966757774353,1075.6240234375,160.10769653320312,0.9962077140808105,1023.70068359375,299.6022644042969,0.9689248204231262,1069.062255859375,275.0147705078125,0.9921876192092896,995.7158203125,473.41387939453125,0.7951204180717468,931.3310546875,381.7695007324219,0.9627137184143066,907.3522338867188,513.4517211914062,0.7314968705177307,1490.5738525390625,280.48419189453125,0.9830268025398254,1437.1231689453125,376.87628173828125,0.951511800289154,1776.362548828125,452.7178955078125,0.8119586110115051,1686.899169921875,532.2282104492188,0.6183786392211914,1863.16455078125,435.37158203125,0.2839079201221466,1764.903076171875,449.5849914550781,0.216746985912323
160,825.608642578125,95.42195892333984,1918.1949462890625,664.18798828125,0.8707499504089355,0,1,949.4541015625,289.5611877441406,0.9387933611869812,935.7353515625,253.99703979492188,0.9299173951148987,930.5418701171875,290.00469970703125,0.714857280254364,960.7938232421875,183.74124145507812,0.8668298721313477,947.7288208007812,266.6317443847656,0.3733769655227661,1076.543701171875,161.40435791015625,0.9962974190711975,1024.9097900390625,301.7599792480469,0.970176637172699,1070.5035400390625,275.2015686035156,0.9921373724937439,996.4832153320312,475.1205139160156,0.7991862893104553,930.4625244140625,382.1416015625,0.9626240134239197,906.979248046875,512.6632080078125,0.7366907000541687,1490.301025390625,285.5232238769531,0.98360276222229,1436.51708984375,381.46636962890625,0.9536775946617126,1772.950439453125,468.0546569824219,0.8141538500785828,1682.7763671875,545.952880859375,0.6245362162590027,1862.067626953125,454.9605712890625,0.27699896693229675,1755.1036376953125,464.53106689453125,0.21274390816688538
161,824.52978515625,95.0386962890625,1918.1484375,649.3997802734375,0.8878739476203918,0,1,950.7705688476562,289.6680908203125,0.9453938007354736,936.011474609375,253.16171264648438,0.9382563233375549,931.7514038085938,290.41082763671875,0.7421542406082153,961.33837890625,180.67633056640625,0.875511109828949,950.319580078125,266.317626953125,0.3896567225456238,1078.7333984375,159.34744262695312,0.9962950348854065,1027.934814453125,300.21905517578125,0.9710349440574646,1071.4755859375,276.59625244140625,0.9916136264801025,997.0468139648438,474.35260009765625,0.7943712472915649,931.6007080078125,381.4267272949219,0.960077702999115,906.4259033203125,515.16650390625,0.7261555194854736,1487.93017578125,283.2900390625,0.9825733304023743,1434.683837890625,379.22479248046875,0.9516652822494507,1765.4417724609375,458.045654296875,0.8200672268867493,1673.291259765625,539.4298706054688,0.6361196637153625,1858.83447265625,458.1082763671875,0.2923548221588135,1750.6805419921875,468.7669677734375,0.2257176786661148
162,822.1235961914062,100.61705017089844,1918.4556884765625,645.4366455078125,0.8957346677780151,0,1,950.9970703125,290.83306884765625,0.9533146023750305,935.8671875,254.69564819335938,0.9433107972145081,931.8778076171875,292.3275451660156,0.7814016342163086,959.8075561523438,182.74378967285156,0.8770549893379211,948.9237670898438,269.0079345703125,0.4397212564945221,1077.450927734375,160.32778930664062,0.996594250202179,1023.755126953125,300.5081787109375,0.977876603603363,1072.501953125,273.2269287109375,0.9917410612106323,993.0888061523438,468.3479919433594,0.8344321250915527,930.3759155273438,379.34765625,0.9608701467514038,905.9891357421875,508.5909423828125,0.7666414380073547,1484.6356201171875,280.4628601074219,0.9839531779289246,1429.43359375,376.3938903808594,0.9592406153678894,1761.330322265625,454.8756408691406,0.817585289478302,1668.7437744140625,536.5514526367188,0.6521443128585815,1859.60302734375,445.69244384765625,0.28405892848968506,1753.2330322265625,456.43646240234375,0.22755327820777893
163,818.7249755859375,98.70487976074219,1918.3121337890625,648.543212890625,0.8878201842308044,0,1,951.0831298828125,290.0715026855469,0.9499725103378296,936.0072021484375,253.72457885742188,0.9418801665306091,932.2064208984375,291.3775939941406,0.7625669240951538,960.485107421875,181.64199829101562,0.8803619146347046,950.5138549804688,267.9088439941406,0.4145137667655945,1078.014892578125,159.95938110351562,0.9965704679489136,1027.455078125,300.1683349609375,0.9750298857688904,1071.548583984375,272.94354248046875,0.991957426071167,996.9052734375,470.8592834472656,0.8154367208480835,929.77001953125,378.5647888183594,0.9612577557563782,904.8504638671875,511.048828125,0.7450363039970398,1484.1697998046875,282.86102294921875,0.9835531711578369,1430.764404296875,377.7345886230469,0.9556921720504761,1760.4884033203125,457.34716796875,0.817618727684021,1667.7791748046875,534.8544921875,0.6383982300758362,1857.2977294921875,452.52362060546875,0.2848520576953888,1749.5101318359375,456.9787902832031,0.2226877361536026
164,817.4888305664062,96.84855651855469,1918.65673828125,644.0501708984375,0.8980839848518372,0,1,952.50927734375,288.74261474609375,0.9365057349205017,937.3368530273438,252.01885986328125,0.9324856996536255,933.2015991210938,290.0458984375,0.7044250965118408,961.7801513671875,180.48199462890625,0.875659167766571,951.4927368164062,267.8297424316406,0.35149192810058594,1077.5458984375,159.6983184814453,0.9958915710449219,1034.108642578125,302.5556640625,0.9633423686027527,1072.4647216796875,276.22259521484375,0.9912989735603333,1014.5260620117188,472.22845458984375,0.753421425819397,929.6552734375,380.48980712890625,0.9582615494728088,902.2879638671875,508.1780090332031,0.6849005222320557,1488.155029296875,278.04473876953125,0.9779549241065979,1439.02978515625,373.8104553222656,0.9350122213363647,1768.048583984375,441.014892578125,0.7806896567344666,1675.02490234375,523.2930297851562,0.5595924258232117,1860.0673828125,426.2194519042969,0.2591676712036133,1755.309814453125,433.7734680175781,0.19124886393547058
165,815.1696166992188,96.93255615234375,1918.8359375,646.9849853515625,0.8963586091995239,0,1,951.40576171875,289.2547302246094,0.9402756690979004,936.3729248046875,251.78964233398438,0.9375478625297546,931.8248291015625,290.37872314453125,0.7168517112731934,961.76953125,178.92466735839844,0.8776392936706543,949.8191528320312,267.2772216796875,0.34984007477760315,1079.4443359375,159.26251220703125,0.9958491325378418,1032.49658203125,302.66082763671875,0.9602591395378113,1075.2069091796875,275.930908203125,0.9911692142486572,1014.454833984375,473.4306640625,0.734839916229248,929.67626953125,381.7925720214844,0.9575878977775574,901.01806640625,504.0718688964844,0.6704626679420471,1486.187255859375,284.6385498046875,0.9786064028739929,1433.6839599609375,379.7996520996094,0.9348744750022888,1769.419921875,457.5234375,0.7956486344337463,1667.657958984375,537.2713623046875,0.5747467875480652,1860.66650390625,459.2611083984375,0.26763591170310974,1742.83447265625,462.125,0.19573168456554413
166,812.635986328125,99.37747192382812,1918.53564453125,651.020751953125,0.8840621709823608,0,1,951.6278686523438,289.9278259277344,0.9486299753189087,936.8230590820312,252.36734008789062,0.9447848796844482,932.0819091796875,291.071533203125,0.7517165541648865,962.5083618164062,179.269775390625,0.8864451050758362,949.8909912109375,267.73614501953125,0.3835683763027191,1079.5074462890625,160.03854370117188,0.9962933659553528,1030.201416015625,303.14251708984375,0.9680648446083069,1074.3212890625,274.62078857421875,0.9914650321006775,1005.1576538085938,475.23291015625,0.7647967338562012,929.3272705078125,382.11627197265625,0.9580041170120239,899.9185180664062,509.984619140625,0.6903376579284668,1484.3909912109375,285.54974365234375,0.9813057780265808,1431.161376953125,380.5809631347656,0.9451993107795715,1763.168212890625,462.2154541015625,0.8134169578552246,1665.93603515625,538.4573974609375,0.6110525131225586,1864.167724609375,470.0435485839844,0.28120899200439453,1750.6497802734375,468.2553405761719,0.21131213009357452
167,813.1426391601562,102.74347686767578,1918.3291015625,652.5654296875,0.8818290829658508,0,1,950.8375854492188,288.6257629394531,0.9509837031364441,935.7215576171875,252.11521911621094,0.9437263607978821,931.8440551757812,290.5078125,0.7624443769454956,961.2105102539062,180.84388732910156,0.8857120275497437,951.5692749023438,268.791259765625,0.41021400690078735,1079.8231201171875,160.35043334960938,0.9966436624526978,1028.2327880859375,302.6761474609375,0.9753760099411011,1071.6448974609375,273.90362548828125,0.9922037124633789,994.5012817382812,471.8205871582031,0.8165483474731445,928.364501953125,380.29156494140625,0.9622675776481628,894.8695678710938,506.5159606933594,0.7464997172355652,1483.256591796875,285.6748046875,0.9840933084487915,1428.738525390625,380.8757629394531,0.9568707942962646,1756.59716796875,465.2687072753906,0.8159564733505249,1657.81787109375,545.0863647460938,0.6331544518470764,1854.21142578125,457.4676818847656,0.275572806596756,1738.2880859375,462.48577880859375,0.21357357501983643
168,811.576904296875,101.32234954833984,1918.811279296875,649.2511596679688,0.8864230513572693,0,1,949.7008666992188,287.81951904296875,0.9484153985977173,935.2708740234375,250.5475616455078,0.9443626403808594,929.1461791992188,289.9749450683594,0.7507070302963257,962.16015625,179.74652099609375,0.8879883289337158,946.3189697265625,270.22259521484375,0.3853745460510254,1078.7647705078125,160.71542358398438,0.9963504076004028,1026.78515625,307.653564453125,0.9695452451705933,1073.261474609375,273.6947021484375,0.9915705919265747,997.7686767578125,477.6134948730469,0.7716356515884399,927.3773193359375,380.7062072753906,0.9587995409965515,893.0985717773438,511.0965270996094,0.6971851587295532,1484.1109619140625,282.82550048828125,0.9813408851623535,1430.0615234375,379.84375,0.9459819197654724,1758.2578125,454.9245300292969,0.8118021488189697,1665.679443359375,535.4339599609375,0.6101428866386414,1859.2705078125,455.99853515625,0.2828395664691925,1751.173828125,457.06201171875,0.21308021247386932
169,810.097412109375,99.42677307128906,1919.0958251953125,643.49462890625,0.8961111903190613,0,1,951.7830810546875,289.51751708984375,0.948305070400238,938.0062866210938,252.24752807617188,0.9450809955596924,931.29150390625,290.5582275390625,0.7470134496688843,965.2694091796875,179.88670349121094,0.8883788585662842,947.6575927734375,267.7527160644531,0.37858855724334717,1081.954833984375,159.99655151367188,0.9964236617088318,1030.3817138671875,302.6275939941406,0.9679391384124756,1074.325927734375,275.2543640136719,0.9919034838676453,1004.1564331054688,473.04345703125,0.7667276859283447,928.5053100585938,381.9355773925781,0.9600996971130371,892.0133056640625,512.821533203125,0.6936295032501221,1488.9735107421875,280.1094665527344,0.9811353087425232,1434.449951171875,374.7719421386719,0.9441250562667847,1764.695068359375,458.561279296875,0.8067197799682617,1667.2965087890625,535.8060913085938,0.5971562266349792,1856.544189453125,454.0921325683594,0.2751552164554596,1745.4503173828125,453.6580810546875,0.20455949008464813
170,809.3572998046875,98.75475311279297,1918.489013671875,650.4132080078125,0.8943164944648743,0,1,952.3046875,290.24896240234375,0.9435031414031982,938.2642822265625,252.97430419921875,0.9395409822463989,932.8108520507812,290.8631286621094,0.7293617129325867,964.4088134765625,179.39776611328125,0.882483720779419,950.23974609375,265.8677978515625,0.370077520608902,1080.684814453125,158.52813720703125,0.9963208436965942,1030.706787109375,298.57098388671875,0.9671317934989929,1073.419677734375,275.39605712890625,0.9918588995933533,1000.6107788085938,471.5191650390625,0.7671537399291992,929.0086669921875,381.2529296875,0.9599184393882751,893.7886962890625,509.33624267578125,0.6949425339698792,1487.8848876953125,284.3205871582031,0.9813253879547119,1435.156005859375,378.1359558105469,0.9446234703063965,1762.94921875,462.73321533203125,0.8056144714355469,1672.482421875,537.7175903320312,0.5956263542175293,1855.355712890625,461.6388244628906,0.27104219794273376,1752.438720703125,459.2817077636719,0.20147588849067688
171,809.1915893554688,99.16213989257812,1918.2630615234375,655.666015625,0.8908628821372986,0,1,951.4803466796875,290.3780517578125,0.9465699791908264,937.3482055664062,252.69894409179688,0.9439783692359924,931.154052734375,291.48284912109375,0.7444686889648438,964.5703125,179.3203582763672,0.8868845105171204,948.389404296875,267.8435363769531,0.3770908713340759,1081.231689453125,159.90890502929688,0.9961548447608948,1030.956298828125,301.6151123046875,0.9661146998405457,1075.62255859375,276.6081237792969,0.9910655617713928,1004.0284423828125,471.8542785644531,0.753093421459198,928.8087158203125,381.60040283203125,0.956287145614624,893.4310913085938,507.401123046875,0.6778680086135864,1486.3651123046875,283.92791748046875,0.9793563485145569,1433.8984375,378.35516357421875,0.9395673871040344,1757.78759765625,455.0673522949219,0.803622841835022,1670.376953125,533.4915161132812,0.594669759273529,1852.746826171875,460.23687744140625,0.2775650918483734,1756.059814453125,459.82220458984375,0.2071566879749298
172,808.0120239257812,98.58405303955078,1918.0587158203125,653.7889404296875,0.8922363519668579,0,1,951.8145751953125,290.29229736328125,0.9429593682289124,938.15380859375,252.8774871826172,0.9412863850593567,931.9254150390625,290.5725402832031,0.7274996042251587,965.3912353515625,179.42523193359375,0.883112907409668,948.9116821289062,265.73101806640625,0.356187641620636,1082.3221435546875,159.537353515625,0.995919942855835,1031.21435546875,300.1378173828125,0.9620264768600464,1075.697265625,275.7325744628906,0.9909831285476685,1005.7412109375,470.08880615234375,0.7372934818267822,928.7713623046875,381.9222106933594,0.956137478351593,890.8922119140625,510.60015869140625,0.6645672917366028,1490.1575927734375,283.0085144042969,0.9789630174636841,1436.0723876953125,377.1585388183594,0.9369598627090454,1766.232421875,458.9879150390625,0.8026885986328125,1670.3309326171875,537.1624755859375,0.5878844261169434,1859.1002197265625,463.2841796875,0.2762763500213623,1751.12255859375,466.54302978515625,0.20381136238574982
173,808.0420532226562,96.95674896240234,1919.220703125,653.401611328125,0.8971281051635742,0,1,952.1085205078125,290.19500732421875,0.9475502371788025,937.8740234375,253.3677978515625,0.9424813389778137,932.6512451171875,291.3558349609375,0.749300479888916,964.0680541992188,180.082275390625,0.8799455165863037,950.1954345703125,266.80133056640625,0.38723909854888916,1082.738525390625,156.8848876953125,0.9962502121925354,1031.5361328125,296.6748352050781,0.968440592288971,1074.9949951171875,275.0398864746094,0.9914325475692749,1002.1528930664062,468.22662353515625,0.7768833637237549,927.931640625,382.3643798828125,0.9584993720054626,891.7841796875,508.9117126464844,0.7065586447715759,1492.5048828125,279.8555908203125,0.9804907441139221,1438.42333984375,373.958251953125,0.9446225166320801,1770.513671875,459.22174072265625,0.8032708168029785,1677.9462890625,536.7255859375,0.6034968495368958,1855.4912109375,459.63995361328125,0.27151137590408325,1749.15576171875,462.18768310546875,0.20605091750621796
174,807.8267211914062,95.31463623046875,1918.98486328125,657.4010009765625,0.8895717263221741,0,1,951.9948120117188,289.8108825683594,0.9510823488235474,937.6719360351562,252.57183837890625,0.9452238082885742,932.34814453125,290.9824523925781,0.7624271512031555,964.0992431640625,178.55104064941406,0.882034182548523,950.1227416992188,266.01129150390625,0.40479612350463867,1084.65283203125,155.85438537597656,0.9965205192565918,1031.32568359375,296.4244079589844,0.971176266670227,1076.123046875,273.83538818359375,0.9918881058692932,997.1455078125,470.1085510253906,0.7919124364852905,927.9239501953125,382.19122314453125,0.9608755707740784,892.5701293945312,508.1236267089844,0.7262483239173889,1496.450439453125,282.7252197265625,0.9806976318359375,1441.565185546875,376.8600769042969,0.945794403553009,1771.5560302734375,467.49609375,0.7885209918022156,1681.3304443359375,542.9861450195312,0.5840129256248474,1848.6357421875,461.87115478515625,0.24579690396785736,1745.349853515625,459.4609680175781,0.18642650544643402
175,807.8258056640625,95.25125885009766,1919.0791015625,661.0416259765625,0.8865626454353333,0,1,951.911865234375,289.01385498046875,0.9507450461387634,937.4749755859375,251.78997802734375,0.9459474682807922,932.1082763671875,290.400634765625,0.7606294751167297,964.09814453125,178.32037353515625,0.8832976222038269,949.8088989257812,266.463623046875,0.39583760499954224,1084.7083740234375,156.22311401367188,0.9963892698287964,1030.8753662109375,297.6515808105469,0.969359815120697,1076.1864013671875,275.3427429199219,0.9915990829467773,997.8817749023438,470.3350524902344,0.7788975238800049,928.587158203125,382.3477783203125,0.9594742059707642,891.8134765625,509.00665283203125,0.7112739086151123,1495.272216796875,282.5327453613281,0.9805712103843689,1439.72900390625,377.2685546875,0.9447782635688782,1769.4129638671875,463.94744873046875,0.8015023469924927,1676.3551025390625,542.6381225585938,0.5998498201370239,1850.9000244140625,466.72247314453125,0.2652396559715271,1743.951171875,468.3446960449219,0.20044872164726257
176,808.4397583007812,96.01403045654297,1918.9310302734375,653.7958984375,0.8828940987586975,0,1,952.0208740234375,289.4576416015625,0.9501725435256958,937.31103515625,252.22341918945312,0.9452841877937317,932.56201171875,290.77813720703125,0.7593759894371033,963.5502319335938,178.6336669921875,0.8826566338539124,950.674560546875,266.7587585449219,0.3933343291282654,1083.54052734375,156.8250274658203,0.9962387084960938,1029.849609375,299.2846984863281,0.9689298272132874,1074.90283203125,275.9429626464844,0.9913445711135864,997.04345703125,472.52783203125,0.7773833274841309,928.9454956054688,382.3239440917969,0.9588317275047302,892.391845703125,510.14080810546875,0.70961594581604,1491.0654296875,283.2475891113281,0.9804568886756897,1435.105224609375,378.42742919921875,0.9449079036712646,1762.593017578125,464.2495422363281,0.802920937538147,1663.59375,545.2764892578125,0.6027300953865051,1849.390380859375,467.58026123046875,0.2671479880809784,1734.09326171875,472.5984191894531,0.2016204297542572
177,810.298095703125,96.89875030517578,1918.8475341796875,663.0452880859375,0.8865534067153931,0,1,952.4720458984375,290.0304870605469,0.9235413074493408,937.64599609375,252.01602172851562,0.9269769191741943,933.1214599609375,290.5606384277344,0.6506128907203674,964.091552734375,177.80764770507812,0.8721715807914734,952.4935302734375,265.7670593261719,0.2923300862312317,1082.779296875,157.23280334472656,0.994899332523346,1036.958984375,301.38153076171875,0.9453660249710083,1077.8564453125,278.3110656738281,0.9901028871536255,1018.0323486328125,473.3033752441406,0.6738913655281067,929.688720703125,382.2739562988281,0.9532382488250732,895.674560546875,485.4342041015625,0.6206291913986206,1495.4393310546875,284.9826965332031,0.9757223725318909,1444.468017578125,380.18701171875,0.9224073886871338,1766.0166015625,464.17474365234375,0.7906085848808289,1667.865966796875,546.7174072265625,0.551925003528595,1858.4718017578125,473.7408142089844,0.26394912600517273,1746.359619140625,478.9717712402344,0.1870073527097702
178,810.7670288085938,95.95143127441406,1918.704345703125,664.2921142578125,0.9007965326309204,0,1,951.2791748046875,288.79754638671875,0.9432626962661743,936.117919921875,251.38046264648438,0.9389094114303589,931.6243286132812,290.71044921875,0.7345818877220154,961.4617919921875,178.08187866210938,0.8738105297088623,948.9334716796875,267.72607421875,0.37051278352737427,1082.576416015625,155.82423400878906,0.9957597851753235,1028.344482421875,299.886474609375,0.9635957479476929,1076.5301513671875,276.9591979980469,0.9906174540519714,998.8114013671875,473.5324401855469,0.7518882155418396,928.6368408203125,384.06414794921875,0.9554637670516968,894.9325561523438,508.76739501953125,0.6848351955413818,1494.84326171875,285.5132751464844,0.9785881042480469,1438.61767578125,381.927734375,0.9385468363761902,1767.1292724609375,468.5867919921875,0.7908844351768494,1672.14892578125,551.4083862304688,0.580189049243927,1856.3624267578125,475.88360595703125,0.25406965613365173,1746.8154296875,480.2331848144531,0.1894758641719818
179,810.7474365234375,97.33364868164062,1918.505859375,664.22705078125,0.8890281319618225,0,1,951.1070556640625,290.307373046875,0.9474219083786011,936.4346923828125,252.670166015625,0.9437581896781921,931.058349609375,292.0500183105469,0.7503854036331177,963.0457763671875,179.28643798828125,0.8808382749557495,948.3041381835938,269.4323425292969,0.38020142912864685,1082.1053466796875,158.20639038085938,0.99591463804245,1026.923583984375,304.2138977050781,0.9649142026901245,1074.358154296875,275.5391540527344,0.9907380938529968,996.9173583984375,474.7643737792969,0.7519690990447998,926.6874389648438,383.2296142578125,0.9561126232147217,893.6422119140625,510.1200256347656,0.6843773722648621,1488.605712890625,282.0423889160156,0.9792824387550354,1431.805908203125,379.416259765625,0.9402260184288025,1762.673095703125,461.9321594238281,0.8051161170005798,1663.836181640625,547.6934814453125,0.6003732085227966,1854.5870361328125,470.8248291015625,0.2739984691143036,1740.453125,479.31536865234375,0.20454932749271393
