video_id,frame_idx,source_file,label,label_name,has_person,valid_joint_count,joint_0_name,joint_0_x,joint_0_y,joint_0_c,joint_1_name,joint_1_x,joint_1_y,joint_1_c,joint_2_name,joint_2_x,joint_2_y,joint_2_c,joint_3_name,joint_3_x,joint_3_y,joint_3_c,joint_4_name,joint_4_x,joint_4_y,joint_4_c,joint_5_name,joint_5_x,joint_5_y,joint_5_c,joint_6_name,joint_6_x,joint_6_y,joint_6_c,joint_7_name,joint_7_x,joint_7_y,joint_7_c,joint_8_name,joint_8_x,joint_8_y,joint_8_c,joint_9_name,joint_9_x,joint_9_y,joint_9_c,joint_10_name,joint_10_x,joint_10_y,joint_10_c,joint_11_name,joint_11_x,joint_11_y,joint_11_c,joint_12_name,joint_12_x,joint_12_y,joint_12_c,joint_13_name,joint_13_x,joint_13_y,joint_13_c,joint_14_name,joint_14_x,joint_14_y,joint_14_c
Fall__Fall_f_raw_s_2_S_M_143_resized,0,C:\Users\ASUS\Downloads\3D_Human_Pose_NCKH\paper_baselines\lin2021_yolov8_lstm_gru\data\raw_yolov8_keypoints\Fall\Fall_Fall_f_raw_s_2_S_M_143_resized.csv,1,Fall,1,15,nose,941.1956176757812,208.23097229003906,0.3824949562549591,neck,863.1464233398438,238.2106475830078,0.9236244559288025,right_shoulder,905.1875,248.0335693359375,0.9958122372627258,right_elbow,882.0169067382812,333.3360900878906,0.9934062957763672,right_wrist,889.959716796875,399.51171875,0.9713286757469177,left_shoulder,821.1052856445312,228.3877410888672,0.8514366745948792,left_elbow,764.259033203125,310.1545715332031,0.5249992609024048,left_wrist,770.6769409179688,369.6427307128906,0.4798188805580139,mid_hip,802.1619873046875,368.88720703125,0.9841681718826294,right_hip,830.1153564453125,373.4864196777344,0.9953768253326416,right_knee,823.0772094726562,462.2517395019531,0.98484206199646,right_ankle,766.9849243164062,551.0469360351562,0.9069058299064636,left_hip,774.2086181640625,364.28802490234375,0.9729595184326172,left_knee,767.6473999023438,438.0207824707031,0.9286000728607178,left_ankle,729.6871337890625,515.244873046875,0.8061471581459045
Fall__Fall_f_raw_s_2_S_M_143_resized,1,C:\Users\ASUS\Downloads\3D_Human_Pose_NCKH\paper_baselines\lin2021_yolov8_lstm_gru\data\raw_yolov8_keypoints\Fall\Fall_Fall_f_raw_s_2_S_M_143_resized.csv,1,Fall,1,15,nose,941.0850830078125,208.6640167236328,0.38228923082351685,neck,864.5927734375,237.35691833496094,0.9171751141548157,right_shoulder,906.9071044921875,247.11489868164062,0.9956039190292358,right_elbow,883.5772094726562,332.35125732421875,0.9930543303489685,right_wrist,890.8204345703125,400.7004089355469,0.9697608947753906,left_shoulder,822.2784423828125,227.59893798828125,0.8387463688850403,left_elbow,765.9036254882812,308.3291015625,0.4909206032752991,left_wrist,775.2656860351562,368.80755615234375,0.45138639211654663,mid_hip,801.559814453125,364.9865417480469,0.9825228452682495,right_hip,829.8143920898438,369.4414367675781,0.9950088262557983,right_knee,825.2567138671875,457.9178466796875,0.9851217269897461,right_ankle,766.5717163085938,550.4742431640625,0.9109219312667847,left_hip,773.3052368164062,360.5316467285156,0.9700368642807007,left_knee,769.0140991210938,434.94366455078125,0.9276453852653503,left_ankle,728.6700439453125,515.6815795898438,0.8103249073028564
Fall__Fall_f_raw_s_2_S_M_143_resized,2,C:\Users\ASUS\Downloads\3D_Human_Pose_NCKH\paper_baselines\lin2021_yolov8_lstm_gru\data\raw_yolov8_keypoints\Fall\Fall_Fall_f_raw_s_2_S_M_143_resized.csv,1,Fall,1,15,nose,942.1300048828125,207.74232482910156,0.38219863176345825,neck,865.5383911132812,236.52322387695312,0.9182614088058472,right_shoulder,908.6118774414062,246.21450805664062,0.9961769580841064,right_elbow,885.0879516601562,330.5484924316406,0.9941385984420776,right_wrist,891.1902465820312,400.16412353515625,0.9736460447311401,left_shoulder,822.4649047851562,226.83193969726562,0.8403458595275879,left_elbow,765.9379272460938,306.3699951171875,0.4896223545074463,left_wrist,776.4203491210938,366.46636962890625,0.4537619352340698,mid_hip,801.637451171875,363.25469970703125,0.9844621419906616,right_hip,830.40185546875,367.6352233886719,0.9958140254020691,right_knee,826.8248901367188,454.993896484375,0.9875665903091431,right_ankle,766.8189086914062,547.9031982421875,0.9234222769737244,left_hip,772.8731079101562,358.87420654296875,0.9731103181838989,left_knee,770.5275268554688,432.5125732421875,0.9351518154144287,left_ankle,730.2329711914062,513.4073486328125,0.828807532787323
Fall__Fall_f_raw_s_2_S_M_143_resized,3,C:\Users\ASUS\Downloads\3D_Human_Pose_NCKH\paper_baselines\lin2021_yolov8_lstm_gru\data\raw_yolov8_keypoints\Fall\Fall_Fall_f_raw_s_2_S_M_143_resized.csv,1,Fall,1,15,nose,943.9415283203125,206.3427276611328,0.3966759145259857,neck,867.4185180664062,235.4344024658203,0.9273269772529602,right_shoulder,910.108642578125,245.0283203125,0.9943578839302063,right_elbow,887.8884887695312,332.6488037109375,0.9897353649139404,right_wrist,893.6720581054688,401.3962097167969,0.9548563957214355,left_shoulder,824.7283935546875,225.84048461914062,0.8602960109710693,left_elbow,771.0687866210938,306.4178466796875,0.5362148880958557,left_wrist,787.2902221679688,365.2513427734375,0.45524340867996216,mid_hip,801.5413818359375,360.4988708496094,0.9826345443725586,right_hip,830.1281127929688,364.81390380859375,0.9939749836921692,right_knee,828.7870483398438,449.0276794433594,0.9828912019729614,right_ankle,767.4370727539062,542.3037719726562,0.8987551927566528,left_hip,772.9546508789062,356.1838684082031,0.971294105052948,left_knee,774.4874267578125,429.9710998535156,0.9320337772369385,left_ankle,731.7764282226562,516.2037353515625,0.8047652244567871
Fall__Fall_f_raw_s_2_S_M_143_resized,4,C:\Users\ASUS\Downloads\3D_Human_Pose_NCKH\paper_baselines\lin2021_yolov8_lstm_gru\data\raw_yolov8_keypoints\Fall\Fall_Fall_f_raw_s_2_S_M_143_resized.csv,1,Fall,1,15,nose,944.6177368164062,205.25537109375,0.3826735019683838,neck,867.177001953125,235.1136474609375,0.9276774525642395,right_shoulder,910.2322387695312,244.89581298828125,0.9941639304161072,right_elbow,888.37890625,333.3854064941406,0.9894507527351379,right_wrist,894.4356689453125,404.83453369140625,0.9535067081451416,left_shoulder,824.121826171875,225.3314666748047,0.8611910343170166,left_elbow,770.0691528320312,306.114013671875,0.5452226400375366,left_wrist,784.5885009765625,365.22955322265625,0.4610835909843445,mid_hip,801.8165283203125,361.15625,0.9826884269714355,right_hip,830.523193359375,365.53399658203125,0.993877112865448,right_knee,828.066162109375,449.7334899902344,0.9820653796195984,right_ankle,766.6156616210938,542.1103515625,0.8944001793861389,left_hip,773.1099243164062,356.7784729003906,0.9714997410774231,left_knee,773.7487182617188,430.76141357421875,0.9306671023368835,left_ankle,731.002685546875,516.5346069335938,0.7998483777046204
Fall__Fall_f_raw_s_2_S_M_143_resized,5,C:\Users\ASUS\Downloads\3D_Human_Pose_NCKH\paper_baselines\lin2021_yolov8_lstm_gru\data\raw_yolov8_keypoints\Fall\Fall_Fall_f_raw_s_2_S_M_143_resized.csv,1,Fall,1,15,nose,944.6513671875,205.39303588867188,0.39027076959609985,neck,866.829345703125,235.16392517089844,0.9277551174163818,right_shoulder,909.2950439453125,245.107421875,0.994394063949585,right_elbow,886.6394653320312,333.787353515625,0.9899641871452332,right_wrist,894.0380859375,403.2704772949219,0.9558209776878357,left_shoulder,824.3635864257812,225.22042846679688,0.8611161708831787,left_elbow,770.8786010742188,306.2550354003906,0.5436544418334961,left_wrist,787.236572265625,365.914306640625,0.4630206823348999,mid_hip,802.199951171875,362.14239501953125,0.9827986359596252,right_hip,830.62060546875,366.69696044921875,0.9940181970596313,right_knee,828.1498413085938,449.9819030761719,0.9823513031005859,right_ankle,766.7555541992188,542.16015625,0.895338773727417,left_hip,773.779296875,357.5878601074219,0.9715790748596191,left_knee,774.1692504882812,429.9797668457031,0.9304225444793701,left_ankle,731.4088745117188,514.8120727539062,0.7998192310333252
Fall__Fall_f_raw_s_2_S_M_143_resized,6,C:\Users\ASUS\Downloads\3D_Human_Pose_NCKH\paper_baselines\lin2021_yolov8_lstm_gru\data\raw_yolov8_keypoints\Fall\Fall_Fall_f_raw_s_2_S_M_143_resized.csv,1,Fall,1,15,nose,944.4503784179688,207.19400024414062,0.39371299743652344,neck,867.0029296875,235.81076049804688,0.9257305264472961,right_shoulder,909.8136596679688,245.58570861816406,0.9943228960037231,right_elbow,889.3833618164062,334.16571044921875,0.9898714423179626,right_wrist,894.2891235351562,402.7091979980469,0.9557527899742126,left_shoulder,824.192138671875,226.03579711914062,0.8571381568908691,left_elbow,771.49609375,307.4280700683594,0.5336419939994812,left_wrist,788.6024780273438,366.2108459472656,0.45599818229675293,mid_hip,801.959228515625,362.56219482421875,0.9822096228599548,right_hip,830.5130615234375,367.1744689941406,0.9938720464706421,right_knee,828.128173828125,451.2249450683594,0.9823847413063049,right_ankle,766.8839111328125,543.8917846679688,0.8955696821212769,left_hip,773.4053955078125,357.9499206542969,0.9705471396446228,left_knee,776.2368774414062,430.23876953125,0.9295278787612915,left_ankle,732.8372192382812,514.1194458007812,0.799190878868103
Fall__Fall_f_raw_s_2_S_M_143_resized,7,C:\Users\ASUS\Downloads\3D_Human_Pose_NCKH\paper_baselines\lin2021_yolov8_lstm_gru\data\raw_yolov8_keypoints\Fall\Fall_Fall_f_raw_s_2_S_M_143_resized.csv,1,Fall,1,15,nose,943.9591064453125,209.24258422851562,0.3802712857723236,neck,867.2738647460938,236.55941772460938,0.9248352646827698,right_shoulder,909.7247314453125,246.52084350585938,0.9939683675765991,right_elbow,888.4092407226562,336.6708679199219,0.9894825220108032,right_wrist,895.25146484375,405.07666015625,0.9546554684638977,left_shoulder,824.8229370117188,226.59800720214844,0.8557022213935852,left_elbow,772.4119873046875,309.5525817871094,0.5411890745162964,left_wrist,787.2205200195312,370.4781799316406,0.46157512068748474,mid_hip,802.5568237304688,365.3092956542969,0.981399416923523,right_hip,830.8477172851562,370.05010986328125,0.9934473633766174,right_knee,829.8373413085938,451.2021789550781,0.9806147217750549,right_ankle,768.6932983398438,543.236328125,0.8874154686927795,left_hip,774.2659912109375,360.5685119628906,0.9693515300750732,left_knee,777.552978515625,429.8603820800781,0.9245361089706421,left_ankle,734.4981079101562,513.386962890625,0.7874038815498352
Fall__Fall_f_raw_s_2_S_M_143_resized,8,C:\Users\ASUS\Downloads\3D_Human_Pose_NCKH\paper_baselines\lin2021_yolov8_lstm_gru\data\raw_yolov8_keypoints\Fall\Fall_Fall_f_raw_s_2_S_M_143_resized.csv,1,Fall,1,15,nose,944.8460083007812,208.8079071044922,0.38440728187561035,neck,867.7289428710938,236.58541870117188,0.9271516799926758,right_shoulder,910.2271728515625,246.4229736328125,0.9943175911903381,right_elbow,889.2511596679688,337.0964660644531,0.9899252653121948,right_wrist,896.8313598632812,404.51397705078125,0.9556741118431091,left_shoulder,825.230712890625,226.74786376953125,0.8599857687950134,left_elbow,773.3797607421875,310.3134460449219,0.5445301532745361,left_wrist,789.198974609375,372.231689453125,0.46184149384498596,mid_hip,802.8441772460938,364.8195495605469,0.9820801019668579,right_hip,831.2847290039062,369.5034484863281,0.9937381744384766,right_knee,831.072509765625,451.9412536621094,0.9809098839759827,right_ankle,771.6947021484375,542.6160278320312,0.8868786096572876,left_hip,774.4036865234375,360.1356506347656,0.9704219698905945,left_knee,777.7526245117188,431.3591003417969,0.9250112771987915,left_ankle,735.1603393554688,513.3158569335938,0.7852969765663147
Fall__Fall_f_raw_s_2_S_M_143_resized,9,C:\Users\ASUS\Downloads\3D_Human_Pose_NCKH\paper_baselines\lin2021_yolov8_lstm_gru\data\raw_yolov8_keypoints\Fall\Fall_Fall_f_raw_s_2_S_M_143_resized.csv,1,Fall,1,15,nose,944.4395141601562,209.62168884277344,0.40521639585494995,neck,867.4849243164062,236.68682861328125,0.9267812967300415,right_shoulder,909.7090454101562,246.4650421142578,0.9942270517349243,right_elbow,890.1776123046875,337.5129089355469,0.9893991947174072,right_wrist,897.22607421875,405.2189025878906,0.9536437392234802,left_shoulder,825.2608032226562,226.9086151123047,0.8593356013298035,left_elbow,774.4044799804688,310.1987609863281,0.535772979259491,left_wrist,792.1929931640625,372.5153503417969,0.45408979058265686,mid_hip,802.4501342773438,364.0915832519531,0.981049120426178,right_hip,830.7670288085938,368.8124694824219,0.9933331608772278,right_knee,830.7874145507812,453.2918701171875,0.980229377746582,right_ankle,772.1396484375,543.444091796875,0.8836857676506042,left_hip,774.13330078125,359.3706970214844,0.968765139579773,left_knee,777.7589721679688,432.36822509765625,0.9228489995002747,left_ankle,735.7589111328125,513.2286376953125,0.7808142900466919
Fall__Fall_f_raw_s_2_S_M_143_resized,10,C:\Users\ASUS\Downloads\3D_Human_Pose_NCKH\paper_baselines\lin2021_yolov8_lstm_gru\data\raw_yolov8_keypoints\Fall\Fall_Fall_f_raw_s_2_S_M_143_resized.csv,1,Fall,1,15,nose,944.0700073242188,210.87124633789062,0.4033864438533783,neck,866.6387329101562,237.63662719726562,0.9264051914215088,right_shoulder,909.315673828125,247.0017852783203,0.9939693212509155,right_elbow,889.427978515625,337.2593688964844,0.9890241622924805,right_wrist,896.5968017578125,405.5132751464844,0.952972948551178,left_shoulder,823.9617919921875,228.27145385742188,0.8588411211967468,left_elbow,773.1177368164062,311.8211975097656,0.5381098389625549,left_wrist,790.8412475585938,373.8629150390625,0.4573996961116791,mid_hip,802.2361450195312,366.72137451171875,0.9804756045341492,right_hip,830.8428955078125,371.3565673828125,0.9930403232574463,right_knee,830.8762817382812,453.7204284667969,0.9796950817108154,right_ankle,770.9539184570312,545.4336547851562,0.8819818496704102,left_hip,773.62939453125,362.086181640625,0.967910885810852,left_knee,777.3798217773438,432.2389221191406,0.9219051003456116,left_ankle,734.9183349609375,514.2349243164062,0.77988600730896
Fall__Fall_f_raw_s_2_S_M_143_resized,11,C:\Users\ASUS\Downloads\3D_Human_Pose_NCKH\paper_baselines\lin2021_yolov8_lstm_gru\data\raw_yolov8_keypoints\Fall\Fall_Fall_f_raw_s_2_S_M_143_resized.csv,1,Fall,1,15,nose,943.1994018554688,211.40748596191406,0.40721815824508667,neck,865.8878173828125,238.0532989501953,0.9302341341972351,right_shoulder,907.49560546875,247.28012084960938,0.9943771958351135,right_elbow,886.2449340820312,336.3209533691406,0.989973783493042,right_wrist,895.136962890625,404.92266845703125,0.9568310976028442,left_shoulder,824.280029296875,228.82647705078125,0.8660910725593567,left_elbow,772.0958862304688,311.575927734375,0.5596262216567993,left_wrist,784.3935546875,374.0066833496094,0.4774962365627289,mid_hip,802.5173950195312,368.5399475097656,0.982143759727478,right_hip,830.3793334960938,373.11285400390625,0.9936743974685669,right_knee,830.7926635742188,454.3179626464844,0.9803771376609802,right_ankle,771.8593139648438,544.8005981445312,0.8834397196769714,left_hip,774.6553955078125,363.967041015625,0.9706130623817444,left_knee,776.82080078125,432.7996520996094,0.9240820407867432,left_ankle,735.587158203125,513.6178588867188,0.7815491557121277
Fall__Fall_f_raw_s_2_S_M_143_resized,12,C:\Users\ASUS\Downloads\3D_Human_Pose_NCKH\paper_baselines\lin2021_yolov8_lstm_gru\data\raw_yolov8_keypoints\Fall\Fall_Fall_f_raw_s_2_S_M_143_resized.csv,1,Fall,1,15,nose,941.9219970703125,211.09336853027344,0.40467268228530884,neck,863.9696044921875,236.80621337890625,0.9294674396514893,right_shoulder,905.4862670898438,246.76795959472656,0.9963118433952332,right_elbow,883.08447265625,333.0785827636719,0.9943922162055969,right_wrist,891.0116577148438,399.7792053222656,0.9757501482963562,left_shoulder,822.4530029296875,226.84446716308594,0.8626229763031006,left_elbow,766.436767578125,308.6138610839844,0.5551758408546448,left_wrist,766.4157104492188,371.3431396484375,0.512978196144104,mid_hip,801.0343627929688,369.0010070800781,0.9859457015991211,right_hip,828.533203125,373.8764343261719,0.9959575533866882,right_knee,828.1575927734375,456.6148376464844,0.9868223667144775,right_ankle,769.460205078125,547.0377807617188,0.9184023141860962,left_hip,773.5355224609375,364.1255798339844,0.975933849811554,left_knee,772.71142578125,430.6885986328125,0.9360585808753967,left_ankle,735.110107421875,507.3283386230469,0.8263958692550659
Fall__Fall_f_raw_s_2_S_M_143_resized,13,C:\Users\ASUS\Downloads\3D_Human_Pose_NCKH\paper_baselines\lin2021_yolov8_lstm_gru\data\raw_yolov8_keypoints\Fall\Fall_Fall_f_raw_s_2_S_M_143_resized.csv,1,Fall,1,15,nose,941.6709594726562,210.65240478515625,0.41680410504341125,neck,863.0197143554688,236.81336975097656,0.9284682273864746,right_shoulder,903.770263671875,246.66278076171875,0.9966709017753601,right_elbow,879.9579467773438,333.02740478515625,0.9949634075164795,right_wrist,890.14111328125,398.9869384765625,0.977706253528595,left_shoulder,822.2691650390625,226.96395874023438,0.8602656126022339,left_elbow,766.134521484375,309.16290283203125,0.5393535494804382,left_wrist,766.4130249023438,371.9755554199219,0.501076340675354,mid_hip,800.2424926757812,367.8605651855469,0.986017644405365,right_hip,827.431884765625,372.74560546875,0.9961909055709839,right_knee,827.9959106445312,456.25006103515625,0.9875156879425049,right_ankle,769.9258422851562,546.6835327148438,0.9208554029464722,left_hip,773.0531005859375,362.9754943847656,0.9758443832397461,left_knee,771.7845458984375,430.0455322265625,0.9356004595756531,left_ankle,734.423828125,505.9305419921875,0.8258678317070007
Fall__Fall_f_raw_s_2_S_M_143_resized,14,C:\Users\ASUS\Downloads\3D_Human_Pose_NCKH\paper_baselines\lin2021_yolov8_lstm_gru\data\raw_yolov8_keypoints\Fall\Fall_Fall_f_raw_s_2_S_M_143_resized.csv,1,Fall,1,15,nose,940.4986572265625,211.7333984375,0.4156982898712158,neck,861.2316284179688,237.68377685546875,0.9350187182426453,right_shoulder,901.6375122070312,247.67529296875,0.9969342947006226,right_elbow,877.4231567382812,333.95343017578125,0.9953881502151489,right_wrist,889.15380859375,399.3834228515625,0.9793771505355835,left_shoulder,820.82568359375,227.6922607421875,0.873103141784668,left_elbow,764.1571044921875,308.8520812988281,0.5735530257225037,left_wrist,763.2508544921875,369.8033447265625,0.5311387181282043,mid_hip,799.2944946289062,369.0170593261719,0.9881258010864258,right_hip,826.4146728515625,373.9689025878906,0.9967208504676819,right_knee,827.6232299804688,456.2132568359375,0.9888569712638855,right_ankle,771.1492309570312,545.6149291992188,0.9276933670043945,left_hip,772.1742553710938,364.065185546875,0.9795306921005249,left_knee,769.9195556640625,430.0566711425781,0.9432814121246338,left_ankle,733.646728515625,505.3428039550781,0.8410064578056335
Fall__Fall_f_raw_s_2_S_M_143_resized,15,C:\Users\ASUS\Downloads\3D_Human_Pose_NCKH\paper_baselines\lin2021_yolov8_lstm_gru\data\raw_yolov8_keypoints\Fall\Fall_Fall_f_raw_s_2_S_M_143_resized.csv,1,Fall,1,15,nose,940.8198852539062,211.00498962402344,0.3981155455112457,neck,861.4025268554688,237.92578125,0.934368371963501,right_shoulder,902.0452880859375,248.26019287109375,0.9968709349632263,right_elbow,877.4566040039062,334.8592224121094,0.9953464865684509,right_wrist,888.1446533203125,402.2601013183594,0.978996753692627,left_shoulder,820.7598266601562,227.59136962890625,0.8718658089637756,left_elbow,763.6576538085938,307.7001647949219,0.5748984813690186,left_wrist,761.3897094726562,369.09075927734375,0.5298805832862854,mid_hip,797.223876953125,368.9817199707031,0.9883908033370972,right_hip,824.4193725585938,373.9316101074219,0.9967695474624634,right_knee,827.231689453125,455.1697692871094,0.9889774918556213,right_ankle,770.9337768554688,545.1654052734375,0.9287129640579224,left_hip,770.0283203125,364.0318298339844,0.9800121188163757,left_knee,770.3004760742188,430.1912536621094,0.9442282915115356,left_ankle,733.5242919921875,506.99200439453125,0.8431817889213562
Fall__Fall_f_raw_s_2_S_M_143_resized,16,C:\Users\ASUS\Downloads\3D_Human_Pose_NCKH\paper_baselines\lin2021_yolov8_lstm_gru\data\raw_yolov8_keypoints\Fall\Fall_Fall_f_raw_s_2_S_M_143_resized.csv,1,Fall,1,15,nose,940.57861328125,210.66012573242188,0.4021648168563843,neck,860.6047973632812,238.0394287109375,0.9358811974525452,right_shoulder,901.3331298828125,248.2412567138672,0.9966887831687927,right_elbow,876.6993408203125,335.82086181640625,0.9949257373809814,right_wrist,887.3289184570312,402.5110168457031,0.9775430560112,left_shoulder,819.87646484375,227.8376007080078,0.8750736117362976,left_elbow,762.7744140625,308.3719787597656,0.5825435519218445,left_wrist,760.3626098632812,369.4067077636719,0.5348082184791565,mid_hip,796.5466918945312,368.69488525390625,0.9881779551506042,right_hip,823.886474609375,373.5228576660156,0.9965754151344299,right_knee,828.9041137695312,453.61431884765625,0.9887378215789795,right_ankle,771.7704467773438,544.68603515625,0.9285141229629517,left_hip,769.2069091796875,363.86688232421875,0.9797805547714233,left_knee,770.152587890625,430.0893859863281,0.9453811645507812,left_ankle,733.2584228515625,508.591064453125,0.8460286855697632
Fall__Fall_f_raw_s_2_S_M_143_resized,17,C:\Users\ASUS\Downloads\3D_Human_Pose_NCKH\paper_baselines\lin2021_yolov8_lstm_gru\data\raw_yolov8_keypoints\Fall\Fall_Fall_f_raw_s_2_S_M_143_resized.csv,1,Fall,1,15,nose,939.9951171875,209.6853790283203,0.39358168840408325,neck,859.2809448242188,238.37477111816406,0.9358428120613098,right_shoulder,900.0405883789062,248.50054931640625,0.9963734745979309,right_elbow,874.1869506835938,336.15875244140625,0.9944785833358765,right_wrist,887.4223022460938,400.44342041015625,0.976436972618103,left_shoulder,818.521240234375,228.2489776611328,0.8753121495246887,left_elbow,761.4390869140625,309.27435302734375,0.5909421443939209,left_wrist,758.7090454101562,368.0555419921875,0.5435900092124939,mid_hip,796.9112548828125,369.7804870605469,0.987606942653656,right_hip,824.2601928710938,374.615478515625,0.9962639212608337,right_knee,829.863037109375,452.0552673339844,0.9878391027450562,right_ankle,770.8453979492188,544.0365600585938,0.9246532917022705,left_hip,769.562255859375,364.94549560546875,0.978950023651123,left_knee,770.6495361328125,428.8308410644531,0.9437019228935242,left_ankle,733.6751708984375,509.552734375,0.8420719504356384
Fall__Fall_f_raw_s_2_S_M_143_resized,18,C:\Users\ASUS\Downloads\3D_Human_Pose_NCKH\paper_baselines\lin2021_yolov8_lstm_gru\data\raw_yolov8_keypoints\Fall\Fall_Fall_f_raw_s_2_S_M_143_resized.csv,1,Fall,1,15,nose,939.5711059570312,208.5203094482422,0.4159172773361206,neck,858.0418701171875,237.951171875,0.9378799796104431,right_shoulder,898.1539916992188,248.3753204345703,0.9967485666275024,right_elbow,872.90673828125,336.1767272949219,0.9949670433998108,right_wrist,886.6004638671875,399.98126220703125,0.9781222343444824,left_shoulder,817.9297485351562,227.52700805664062,0.879011332988739,left_elbow,761.789794921875,308.16986083984375,0.5886281728744507,left_wrist,760.4901123046875,368.8561096191406,0.5427644848823547,mid_hip,796.5997314453125,369.0888366699219,0.9881131052970886,right_hip,823.6614990234375,374.1640625,0.996531069278717,right_knee,829.853515625,453.2354431152344,0.9885795712471008,right_ankle,771.4160766601562,544.6332397460938,0.9274004697799683,left_hip,769.5380249023438,364.01361083984375,0.9796950817108154,left_knee,770.4657592773438,428.8707275390625,0.9450878500938416,left_ankle,733.1193237304688,507.82086181640625,0.8447515964508057
Fall__Fall_f_raw_s_2_S_M_143_resized,19,C:\Users\ASUS\Downloads\3D_Human_Pose_NCKH\paper_baselines\lin2021_yolov8_lstm_gru\data\raw_yolov8_keypoints\Fall\Fall_Fall_f_raw_s_2_S_M_143_resized.csv,1,Fall,1,15,nose,937.259033203125,209.43173217773438,0.4183841943740845,neck,856.650146484375,237.371826171875,0.9372096061706543,right_shoulder,896.7391357421875,247.7714385986328,0.9964661598205566,right_elbow,871.99853515625,335.1121826171875,0.9945017099380493,right_wrist,885.6915893554688,398.991943359375,0.9767300486564636,left_shoulder,816.5610961914062,226.97219848632812,0.877953052520752,left_elbow,761.2125244140625,307.4571533203125,0.589336633682251,left_wrist,759.6292724609375,368.59197998046875,0.5438239574432373,mid_hip,795.0809936523438,366.5289611816406,0.9876406788825989,right_hip,822.1534423828125,371.6325988769531,0.9962798953056335,right_knee,831.1019897460938,452.34930419921875,0.9882816672325134,right_ankle,772.1236572265625,544.91552734375,0.9268256425857544,left_hip,768.008544921875,361.4253234863281,0.979001522064209,left_knee,770.5059814453125,427.68145751953125,0.9452791810035706,left_ankle,733.9725341796875,508.10052490234375,0.8460536003112793
Fall__Fall_f_raw_s_2_S_M_143_resized,20,C:\Users\ASUS\Downloads\3D_Human_Pose_NCKH\paper_baselines\lin2021_yolov8_lstm_gru\data\raw_yolov8_keypoints\Fall\Fall_Fall_f_raw_s_2_S_M_143_resized.csv,1,Fall,1,15,nose,936.845458984375,209.41961669921875,0.4333798587322235,neck,855.2135620117188,237.5811767578125,0.9347147941589355,right_shoulder,895.6954345703125,248.0670928955078,0.9967087507247925,right_elbow,871.5913696289062,336.4357604980469,0.9948316812515259,right_wrist,886.452880859375,400.1739196777344,0.9776157736778259,left_shoulder,814.731689453125,227.09524536132812,0.8727207779884338,left_elbow,760.4988403320312,308.6938171386719,0.5635080933570862,left_wrist,761.6438598632812,370.74176025390625,0.5218936204910278,mid_hip,796.0393676757812,367.4178466796875,0.9868267774581909,right_hip,823.4612426757812,372.6412658691406,0.9962343573570251,right_knee,832.3644409179688,452.64337158203125,0.9882488250732422,right_ankle,773.0756225585938,545.0592041015625,0.9263525009155273,left_hip,768.6175537109375,362.19439697265625,0.9774191379547119,left_knee,770.4144287109375,427.831787109375,0.9420076012611389,left_ankle,734.5650634765625,507.77838134765625,0.8405053615570068
Fall__Fall_f_raw_s_2_S_M_143_resized,21,C:\Users\ASUS\Downloads\3D_Human_Pose_NCKH\paper_baselines\lin2021_yolov8_lstm_gru\data\raw_yolov8_keypoints\Fall\Fall_Fall_f_raw_s_2_S_M_143_resized.csv,1,Fall,1,15,nose,936.1456298828125,209.0212860107422,0.4279868006706238,neck,853.6913452148438,237.83822631835938,0.9326686859130859,right_shoulder,894.3199462890625,248.6929168701172,0.9966667294502258,right_elbow,868.742431640625,337.2305908203125,0.9948444366455078,right_wrist,887.422607421875,400.1383361816406,0.9776560068130493,left_shoulder,813.0626831054688,226.9835205078125,0.8686707019805908,left_elbow,758.3677368164062,307.86395263671875,0.5542908906936646,left_wrist,760.7030029296875,369.15533447265625,0.5154262185096741,mid_hip,795.1304931640625,369.7259216308594,0.9863124489784241,right_hip,822.6040649414062,375.04583740234375,0.9961181879043579,right_knee,832.596923828125,452.4518737792969,0.987832248210907,right_ankle,772.0807495117188,545.5291137695312,0.9243388772010803,left_hip,767.6569213867188,364.4059753417969,0.9765066504478455,left_knee,769.9329223632812,428.2658386230469,0.9395273923873901,left_ankle,734.84912109375,510.2855224609375,0.8354913592338562
Fall__Fall_f_raw_s_2_S_M_143_resized,22,C:\Users\ASUS\Downloads\3D_Human_Pose_NCKH\paper_baselines\lin2021_yolov8_lstm_gru\data\raw_yolov8_keypoints\Fall\Fall_Fall_f_raw_s_2_S_M_143_resized.csv,1,Fall,1,15,nose,932.9548950195312,210.68724060058594,0.41308629512786865,neck,850.8040771484375,239.18121337890625,0.9298188090324402,right_shoulder,891.3775024414062,250.1768341064453,0.9964175224304199,right_elbow,865.4749145507812,338.64422607421875,0.9945672750473022,right_wrist,886.2952880859375,400.01629638671875,0.9768807888031006,left_shoulder,810.230712890625,228.1855926513672,0.8632200956344604,left_elbow,756.5438232421875,308.8926696777344,0.5470707416534424,left_wrist,760.4881591796875,370.8951110839844,0.5101391077041626,mid_hip,793.2120361328125,372.4209289550781,0.9851964712142944,right_hip,820.8715209960938,377.87835693359375,0.9957481026649475,right_knee,831.7538452148438,454.27520751953125,0.9863240122795105,right_ankle,772.8269653320312,545.5670776367188,0.9161134362220764,left_hip,765.5526123046875,366.9634704589844,0.9746447801589966,left_knee,769.2045288085938,429.97796630859375,0.9330833554267883,left_ankle,734.3677368164062,511.0265197753906,0.8202706575393677
Fall__Fall_f_raw_s_2_S_M_143_resized,23,C:\Users\ASUS\Downloads\3D_Human_Pose_NCKH\paper_baselines\lin2021_yolov8_lstm_gru\data\raw_yolov8_keypoints\Fall\Fall_Fall_f_raw_s_2_S_M_143_resized.csv,1,Fall,1,15,nose,930.3534545898438,211.56727600097656,0.4029703438282013,neck,847.7191772460938,238.2138671875,0.9149295687675476,right_shoulder,888.207275390625,247.1508026123047,0.9938610792160034,right_elbow,865.548095703125,339.3559875488281,0.9899536371231079,right_wrist,887.732666015625,400.3072814941406,0.9650317430496216,left_shoulder,807.2310791015625,229.2769317626953,0.835997998714447,left_elbow,749.9147338867188,310.0205078125,0.5403914451599121,left_wrist,759.2847290039062,364.693603515625,0.5339136719703674,mid_hip,785.5144653320312,373.8880310058594,0.9799497723579407,right_hip,812.3551025390625,379.1270446777344,0.9930874705314636,right_knee,827.184326171875,454.4759521484375,0.9816581010818481,right_ankle,771.5869140625,545.629150390625,0.9081791043281555,left_hip,758.6737670898438,368.6490173339844,0.966812014579773,left_knee,768.0482177734375,428.62445068359375,0.9285324215888977,left_ankle,733.641845703125,512.833740234375,0.8261753916740417
Fall__Fall_f_raw_s_2_S_M_143_resized,24,C:\Users\ASUS\Downloads\3D_Human_Pose_NCKH\paper_baselines\lin2021_yolov8_lstm_gru\data\raw_yolov8_keypoints\Fall\Fall_Fall_f_raw_s_2_S_M_143_resized.csv,1,Fall,1,15,nose,923.4530639648438,216.7239227294922,0.46731725335121155,neck,843.2168579101562,241.19869995117188,0.9315227270126343,right_shoulder,885.6673583984375,251.80508422851562,0.9962827563285828,right_elbow,861.0573120117188,342.8025817871094,0.9937593936920166,right_wrist,881.49267578125,402.9646911621094,0.9736461639404297,left_shoulder,800.7664184570312,230.5923309326172,0.8667626976966858,left_elbow,749.1133422851562,310.3432922363281,0.5291944742202759,left_wrist,766.32958984375,370.69488525390625,0.4912494421005249,mid_hip,787.2453002929688,376.88409423828125,0.9819156527519226,right_hip,816.4637451171875,382.1070861816406,0.9946146607398987,right_knee,829.787109375,459.6895751953125,0.9824966192245483,right_ankle,774.985595703125,549.12548828125,0.8933827877044678,left_hip,758.0269165039062,371.66107177734375,0.9692166447639465,left_knee,767.682861328125,440.0574951171875,0.9177027344703674,left_ankle,734.3012084960938,519.8232421875,0.7791919708251953
Fall__Fall_f_raw_s_2_S_M_143_resized,25,C:\Users\ASUS\Downloads\3D_Human_Pose_NCKH\paper_baselines\lin2021_yolov8_lstm_gru\data\raw_yolov8_keypoints\Fall\Fall_Fall_f_raw_s_2_S_M_143_resized.csv,1,Fall,1,15,nose,918.3809814453125,219.99945068359375,0.5077238082885742,neck,838.9962768554688,241.9184112548828,0.9295651316642761,right_shoulder,880.7891845703125,252.17967224121094,0.9966897964477539,right_elbow,855.8660888671875,342.9934387207031,0.9944537281990051,right_wrist,878.4617919921875,401.7071533203125,0.9763195514678955,left_shoulder,797.203369140625,231.65713500976562,0.8624404668807983,left_elbow,746.3441772460938,311.0421142578125,0.49922388792037964,left_wrist,766.2078857421875,372.716064453125,0.4703514873981476,mid_hip,782.5368041992188,376.76611328125,0.9806009531021118,right_hip,811.5486450195312,381.90374755859375,0.9946088790893555,right_knee,830.1687622070312,459.2846984863281,0.9828841090202332,right_ankle,774.416748046875,549.6386108398438,0.8933156132698059,left_hip,753.5249633789062,371.6285095214844,0.9665929675102234,left_knee,767.5202026367188,440.43780517578125,0.9122957587242126,left_ankle,733.9456787109375,519.853271484375,0.7693178057670593
Fall__Fall_f_raw_s_2_S_M_143_resized,26,C:\Users\ASUS\Downloads\3D_Human_Pose_NCKH\paper_baselines\lin2021_yolov8_lstm_gru\data\raw_yolov8_keypoints\Fall\Fall_Fall_f_raw_s_2_S_M_143_resized.csv,1,Fall,1,15,nose,917.650634765625,223.5601043701172,0.5809217095375061,neck,838.9763793945312,244.63394165039062,0.9493996500968933,right_shoulder,879.5894165039062,253.39886474609375,0.9958797693252563,right_elbow,854.5374145507812,344.31939697265625,0.9916971921920776,right_wrist,873.1841430664062,403.033447265625,0.9662399291992188,left_shoulder,798.3634033203125,235.8690185546875,0.9029195308685303,left_elbow,745.362548828125,317.04638671875,0.5656004548072815,left_wrist,768.9738159179688,378.1708679199219,0.46996572613716125,mid_hip,779.8436889648438,379.662109375,0.9772268533706665,right_hip,808.945068359375,383.8902282714844,0.9920939803123474,right_knee,833.7040405273438,454.3749084472656,0.9739840626716614,right_ankle,781.6784057617188,546.9766235351562,0.8357790112495422,left_hip,750.7422485351562,375.4339904785156,0.9623597264289856,left_knee,769.107666015625,437.02099609375,0.8916541337966919,left_ankle,732.7265014648438,519.8824462890625,0.692842423915863
Fall__Fall_f_raw_s_2_S_M_143_resized,27,C:\Users\ASUS\Downloads\3D_Human_Pose_NCKH\paper_baselines\lin2021_yolov8_lstm_gru\data\raw_yolov8_keypoints\Fall\Fall_Fall_f_raw_s_2_S_M_143_resized.csv,1,Fall,1,15,nose,916.5148315429688,227.2655029296875,0.5875291228294373,neck,837.7763671875,246.84457397460938,0.946593165397644,right_shoulder,877.1445922851562,255.5594482421875,0.9958194494247437,right_elbow,849.05859375,346.7273864746094,0.9916123151779175,right_wrist,868.96728515625,404.6944885253906,0.9661865234375,left_shoulder,798.4081420898438,238.12969970703125,0.8973668813705444,left_elbow,743.0052490234375,316.15106201171875,0.5454844832420349,left_wrist,762.7538452148438,376.76226806640625,0.45436474680900574,mid_hip,773.5233154296875,380.92022705078125,0.9755702614784241,right_hip,801.720947265625,384.882568359375,0.9916176199913025,right_knee,834.9691772460938,453.35943603515625,0.9730439782142639,right_ankle,780.9274291992188,548.0557250976562,0.8289030194282532,left_hip,745.32568359375,376.9578857421875,0.9595229029655457,left_knee,769.9404907226562,439.8938293457031,0.8852646946907043,left_ankle,732.2867431640625,525.10400390625,0.6770521998405457
Fall__Fall_f_raw_s_2_S_M_143_resized,28,C:\Users\ASUS\Downloads\3D_Human_Pose_NCKH\paper_baselines\lin2021_yolov8_lstm_gru\data\raw_yolov8_keypoints\Fall\Fall_Fall_f_raw_s_2_S_M_143_resized.csv,1,Fall,1,15,nose,913.4813232421875,231.28651428222656,0.6202967762947083,neck,835.3627319335938,249.89688110351562,0.9442663788795471,right_shoulder,872.3171997070312,260.1078186035156,0.9960015416145325,right_elbow,843.7307739257812,351.4491271972656,0.9918684959411621,right_wrist,865.5307006835938,406.80523681640625,0.9669333696365356,left_shoulder,798.4082641601562,239.68592834472656,0.8925312161445618,left_elbow,743.5875244140625,314.71173095703125,0.5187253952026367,left_wrist,766.4473876953125,373.4292907714844,0.4363115429878235,mid_hip,766.0923461914062,377.87432861328125,0.9744822978973389,right_hip,792.5672607421875,382.45953369140625,0.9914992451667786,right_knee,835.9195556640625,449.9165954589844,0.9754191040992737,right_ankle,780.2630615234375,547.4298095703125,0.8436126112937927,left_hip,739.6173706054688,373.28912353515625,0.9574652910232544,left_knee,772.1510009765625,435.92437744140625,0.8896754384040833,left_ankle,733.35546875,523.986083984375,0.6934117078781128
Fall__Fall_f_raw_s_2_S_M_143_resized,29,C:\Users\ASUS\Downloads\3D_Human_Pose_NCKH\paper_baselines\lin2021_yolov8_lstm_gru\data\raw_yolov8_keypoints\Fall\Fall_Fall_f_raw_s_2_S_M_143_resized.csv,1,Fall,1,15,nose,914.6873779296875,237.313232421875,0.6251710057258606,neck,834.2804565429688,252.96466064453125,0.9293341040611267,right_shoulder,867.649658203125,264.19805908203125,0.9955184459686279,right_elbow,839.685302734375,357.686767578125,0.9912585616111755,right_wrist,862.559326171875,414.601806640625,0.9636508822441101,left_shoulder,800.9111938476562,241.73126220703125,0.8631497621536255,left_elbow,758.8086547851562,316.2393798828125,0.43611204624176025,left_wrist,801.6012573242188,376.9087829589844,0.37433215975761414,mid_hip,756.0136108398438,372.56158447265625,0.9686705470085144,right_hip,780.4072265625,377.572509765625,0.9899991154670715,right_knee,835.505126953125,443.70947265625,0.97613924741745,right_ankle,782.3610229492188,547.1390380859375,0.8544147610664368,left_hip,731.6200561523438,367.5506591796875,0.9473419785499573,left_knee,775.172119140625,430.839599609375,0.8854682445526123,left_ankle,734.7315063476562,525.2464599609375,0.7022683024406433
Fall__Fall_f_raw_s_2_S_M_143_resized,30,C:\Users\ASUS\Downloads\3D_Human_Pose_NCKH\paper_baselines\lin2021_yolov8_lstm_gru\data\raw_yolov8_keypoints\Fall\Fall_Fall_f_raw_s_2_S_M_143_resized.csv,1,Fall,1,15,nose,910.436767578125,247.55487060546875,0.6859338879585266,neck,834.9752197265625,259.2610168457031,0.9403027296066284,right_shoulder,862.6717529296875,269.4339294433594,0.9957895874977112,right_elbow,835.8421630859375,359.397705078125,0.9918415546417236,right_wrist,854.8289184570312,420.70849609375,0.9669784903526306,left_shoulder,807.2787475585938,249.0880889892578,0.8848158121109009,left_elbow,783.3272705078125,321.727294921875,0.4926089346408844,left_wrist,837.3916015625,381.86676025390625,0.43358781933784485,mid_hip,754.9525756835938,368.680419921875,0.9745088219642639,right_hip,776.6133422851562,373.4709777832031,0.9914839863777161,right_knee,834.533447265625,446.1982727050781,0.9798638820648193,right_ankle,783.8710327148438,544.1948852539062,0.8727185130119324,left_hip,733.2918090820312,363.8898620605469,0.9575337171554565,left_knee,774.663818359375,431.32379150390625,0.9066839218139648,left_ankle,736.2885131835938,519.400390625,0.7408560514450073
Fall__Fall_f_raw_s_2_S_M_143_resized,31,C:\Users\ASUS\Downloads\3D_Human_Pose_NCKH\paper_baselines\lin2021_yolov8_lstm_gru\data\raw_yolov8_keypoints\Fall\Fall_Fall_f_raw_s_2_S_M_143_resized.csv,1,Fall,1,15,nose,670.3506469726562,186.73678588867188,0.8221970200538635,neck,661.488037109375,224.3515625,0.9915083050727844,right_shoulder,629.710693359375,218.51893615722656,0.9918699264526367,right_elbow,597.2882690429688,235.30291748046875,0.9889918565750122,right_wrist,643.2318725585938,199.63812255859375,0.9879629015922546,left_shoulder,693.265380859375,230.18417358398438,0.9911467432975769,left_elbow,704.0150756835938,263.5738525390625,0.9850767254829407,left_wrist,674.5862426757812,223.24801635742188,0.9850301146507263,mid_hip,640.16357421875,316.44573974609375,0.999136745929718,right_hip,618.0140380859375,313.70550537109375,0.9992017149925232,right_knee,606.3978881835938,365.54833984375,0.9966647028923035,right_ankle,592.4564208984375,412.2260437011719,0.9719526171684265,left_hip,662.3131103515625,319.1860046386719,0.9990718364715576,left_knee,657.2191772460938,370.744873046875,0.9960787892341614,left_ankle,655.3796997070312,414.95843505859375,0.9694346189498901
Fall__Fall_f_raw_s_2_S_M_143_resized,32,C:\Users\ASUS\Downloads\3D_Human_Pose_NCKH\paper_baselines\lin2021_yolov8_lstm_gru\data\raw_yolov8_keypoints\Fall\Fall_Fall_f_raw_s_2_S_M_143_resized.csv,1,Fall,1,15,nose,897.8602294921875,272.8852844238281,0.6285728812217712,neck,828.16748046875,282.69793701171875,0.9347769618034363,right_shoulder,844.7896728515625,293.500732421875,0.9956971406936646,right_elbow,819.2713623046875,381.06195068359375,0.9938439130783081,right_wrist,838.7644653320312,429.9691162109375,0.9784960150718689,left_shoulder,811.5452880859375,271.8951721191406,0.8738568425178528,left_elbow,795.7158203125,344.326171875,0.5179616212844849,left_wrist,834.2435302734375,406.0478210449219,0.494935005903244,mid_hip,732.5549926757812,381.49920654296875,0.9750375151634216,right_hip,746.858642578125,386.9035949707031,0.9919261336326599,right_knee,837.0167236328125,444.5688781738281,0.9825460910797119,right_ankle,784.8829345703125,542.5860595703125,0.89570552110672,left_hip,718.2514038085938,376.09478759765625,0.9581488966941833,left_knee,786.7099609375,422.8765563964844,0.9116048812866211,left_ankle,732.3748779296875,509.5970458984375,0.7773053050041199
Fall__Fall_f_raw_s_2_S_M_143_resized,33,C:\Users\ASUS\Downloads\3D_Human_Pose_NCKH\paper_baselines\lin2021_yolov8_lstm_gru\data\raw_yolov8_keypoints\Fall\Fall_Fall_f_raw_s_2_S_M_143_resized.csv,1,Fall,1,15,nose,667.622314453125,194.88783264160156,0.73464035987854,neck,661.4688110351562,225.26400756835938,0.9885597825050354,right_shoulder,629.2786254882812,219.31295776367188,0.9889003038406372,right_elbow,598.5411987304688,236.656005859375,0.9878768920898438,right_wrist,644.856689453125,200.2235565185547,0.9869721531867981,left_shoulder,693.6590576171875,231.2150421142578,0.9882192611694336,left_elbow,703.5554809570312,264.3244934082031,0.9848708510398865,left_wrist,675.667236328125,223.9031219482422,0.9850215315818787,mid_hip,639.8333129882812,316.6411437988281,0.9990666508674622,right_hip,617.3264770507812,313.84454345703125,0.9991346001625061,right_knee,606.7686157226562,365.5848693847656,0.9963415265083313,right_ankle,593.2023315429688,414.05389404296875,0.9693241715431213,left_hip,662.3401489257812,319.4377746582031,0.9989987015724182,left_knee,656.5279541015625,371.10650634765625,0.9956828355789185,left_ankle,655.1148681640625,416.6565856933594,0.9659092426300049
Fall__Fall_f_raw_s_2_S_M_143_resized,34,C:\Users\ASUS\Downloads\3D_Human_Pose_NCKH\paper_baselines\lin2021_yolov8_lstm_gru\data\raw_yolov8_keypoints\Fall\Fall_Fall_f_raw_s_2_S_M_143_resized.csv,1,Fall,1,15,nose,668.0296630859375,193.70574951171875,0.8453919887542725,neck,661.7120971679688,226.46571350097656,0.9918906688690186,right_shoulder,629.761474609375,220.21961975097656,0.9919123649597168,right_elbow,598.4848022460938,237.70425415039062,0.9879325032234192,right_wrist,643.2647705078125,202.69850158691406,0.9866214990615845,left_shoulder,693.6627197265625,232.71182250976562,0.9918689727783203,left_elbow,702.7489013671875,265.3070373535156,0.9862408638000488,left_wrist,675.9970703125,223.95323181152344,0.985645055770874,mid_hip,639.2361450195312,317.2333068847656,0.998959481716156,right_hip,616.9766235351562,314.27490234375,0.9990149736404419,right_knee,607.0380859375,365.6299133300781,0.9953023195266724,right_ankle,593.6688842773438,413.1199951171875,0.9598795175552368,left_hip,661.4957275390625,320.1917419433594,0.9989039897918701,left_knee,655.5819091796875,371.5455322265625,0.9947049021720886,left_ankle,655.1903076171875,416.11773681640625,0.9569571614265442
Fall__Fall_f_raw_s_2_S_M_143_resized,35,C:\Users\ASUS\Downloads\3D_Human_Pose_NCKH\paper_baselines\lin2021_yolov8_lstm_gru\data\raw_yolov8_keypoints\Fall\Fall_Fall_f_raw_s_2_S_M_143_resized.csv,1,Fall,1,15,nose,668.883056640625,191.82203674316406,0.8678339719772339,neck,662.3466796875,225.93988037109375,0.9904091954231262,right_shoulder,630.2725219726562,219.59742736816406,0.9904897212982178,right_elbow,598.4774780273438,237.98257446289062,0.9861472249031067,right_wrist,643.501953125,202.57130432128906,0.9849497079849243,left_shoulder,694.4208374023438,232.28233337402344,0.9903287291526794,left_elbow,704.3121337890625,265.7152404785156,0.9840912222862244,left_wrist,675.6566162109375,223.94972229003906,0.9838137626647949,mid_hip,638.58056640625,321.0643005371094,0.997923731803894,right_hip,616.1245727539062,317.8407287597656,0.9980297684669495,right_knee,606.27587890625,373.15093994140625,0.985824704170227,right_ankle,591.4784545898438,415.4542541503906,0.8701704144477844,left_hip,661.0365600585938,324.2878723144531,0.9978176355361938,left_knee,655.348876953125,381.1534729003906,0.984274685382843,left_ankle,656.2362670898438,422.05682373046875,0.8629657030105591
Fall__Fall_f_raw_s_2_S_M_143_resized,36,C:\Users\ASUS\Downloads\3D_Human_Pose_NCKH\paper_baselines\lin2021_yolov8_lstm_gru\data\raw_yolov8_keypoints\Fall\Fall_Fall_f_raw_s_2_S_M_143_resized.csv,1,Fall,1,15,nose,670.1683349609375,187.8904266357422,0.8867093324661255,neck,663.4955444335938,225.60504150390625,0.9884585738182068,right_shoulder,630.6469116210938,219.53334045410156,0.9880855083465576,right_elbow,600.3740844726562,236.76416015625,0.9829614758491516,right_wrist,645.5878295898438,200.53021240234375,0.9819177985191345,left_shoulder,696.3441772460938,231.67672729492188,0.988831639289856,left_elbow,703.71337890625,264.85919189453125,0.9831283092498779,left_wrist,675.5426635742188,223.22593688964844,0.9827272295951843,mid_hip,639.2393188476562,326.2374267578125,0.9961621165275574,right_hip,615.8301391601562,323.0144348144531,0.9962489008903503,right_knee,602.503662109375,393.75860595703125,0.9560447335243225,right_ankle,590.596435546875,438.66168212890625,0.615249752998352,left_hip,662.6484985351562,329.4604187011719,0.9960753321647644,left_knee,657.9327392578125,402.89544677734375,0.9556746482849121,left_ankle,662.2547607421875,447.5312805175781,0.6187636256217957
Fall__Fall_f_raw_s_2_S_M_143_resized,37,C:\Users\ASUS\Downloads\3D_Human_Pose_NCKH\paper_baselines\lin2021_yolov8_lstm_gru\data\raw_yolov8_keypoints\Fall\Fall_Fall_f_raw_s_2_S_M_143_resized.csv,1,Fall,1,15,nose,669.5357055664062,193.09619140625,0.7829366326332092,neck,664.3648681640625,226.36013793945312,0.9822087287902832,right_shoulder,631.8233032226562,219.97021484375,0.9814392924308777,right_elbow,600.688232421875,236.075439453125,0.981194794178009,right_wrist,647.3642578125,199.50601196289062,0.9815765023231506,left_shoulder,696.9063720703125,232.75006103515625,0.9829781651496887,left_elbow,705.7078247070312,265.1842956542969,0.9826676249504089,left_wrist,676.55224609375,222.9920196533203,0.9835197329521179,mid_hip,640.2123413085938,325.00018310546875,0.9958003163337708,right_hip,617.174560546875,321.67041015625,0.9958850741386414,right_knee,604.19287109375,387.86260986328125,0.9575120806694031,right_ankle,592.0040283203125,433.89288330078125,0.6377674341201782,left_hip,663.2501220703125,328.3299560546875,0.9957155585289001,left_knee,656.2677612304688,396.81304931640625,0.9571443200111389,left_ankle,659.1968994140625,441.7730407714844,0.6385398507118225
Fall__Fall_f_raw_s_2_S_M_143_resized,38,C:\Users\ASUS\Downloads\3D_Human_Pose_NCKH\paper_baselines\lin2021_yolov8_lstm_gru\data\raw_yolov8_keypoints\Fall\Fall_Fall_f_raw_s_2_S_M_143_resized.csv,1,Fall,1,15,nose,671.87646484375,187.5515594482422,0.8478972911834717,neck,666.33056640625,225.7567596435547,0.9865421652793884,right_shoulder,633.9481811523438,219.43045043945312,0.9865293502807617,right_elbow,601.491455078125,236.90850830078125,0.9830873608589172,right_wrist,648.54345703125,200.03854370117188,0.9825990200042725,left_shoulder,698.712890625,232.08306884765625,0.9865549802780151,left_elbow,706.0667724609375,266.6524963378906,0.9821797013282776,left_wrist,677.2406005859375,225.0460968017578,0.982790470123291,mid_hip,641.8017578125,323.26873779296875,0.9961575269699097,right_hip,619.037841796875,319.99969482421875,0.9963185787200928,right_knee,606.2180786132812,381.9983825683594,0.9669071435928345,right_ankle,592.9965209960938,430.4385986328125,0.7120330333709717,left_hip,664.565673828125,326.53778076171875,0.9959964752197266,left_knee,655.8685302734375,390.1390075683594,0.9649264216423035,left_ankle,656.9121704101562,437.1285095214844,0.704325258731842
Fall__Fall_f_raw_s_2_S_M_143_resized,39,C:\Users\ASUS\Downloads\3D_Human_Pose_NCKH\paper_baselines\lin2021_yolov8_lstm_gru\data\raw_yolov8_keypoints\Fall\Fall_Fall_f_raw_s_2_S_M_143_resized.csv,1,Fall,1,15,nose,673.7020874023438,187.85523986816406,0.8754191994667053,neck,667.197998046875,226.33004760742188,0.9884722232818604,right_shoulder,634.910888671875,219.92245483398438,0.9883868098258972,right_elbow,603.3447265625,236.44427490234375,0.9839036464691162,right_wrist,648.9203491210938,200.1962432861328,0.9832507967948914,left_shoulder,699.4850463867188,232.7376251220703,0.9885576963424683,left_elbow,708.5248413085938,266.5858459472656,0.9830461144447327,left_wrist,679.0247192382812,224.7658233642578,0.9833348989486694,mid_hip,642.1557006835938,323.5058288574219,0.9966008067131042,right_hip,619.4503173828125,320.2985534667969,0.9967246651649475,right_knee,608.0405883789062,379.83074951171875,0.9724785685539246,right_ankle,594.3922729492188,430.3329162597656,0.7573441863059998,left_hip,664.8611450195312,326.713134765625,0.996476948261261,left_knee,658.7947998046875,387.2335205078125,0.9707950353622437,left_ankle,660.2907104492188,435.6608581542969,0.7509319186210632
Fall__Fall_f_raw_s_2_S_M_143_resized,40,C:\Users\ASUS\Downloads\3D_Human_Pose_NCKH\paper_baselines\lin2021_yolov8_lstm_gru\data\raw_yolov8_keypoints\Fall\Fall_Fall_f_raw_s_2_S_M_143_resized.csv,1,Fall,1,15,nose,674.6187133789062,188.78201293945312,0.8536105155944824,neck,667.4730224609375,227.7783203125,0.9854915738105774,right_shoulder,635.180908203125,221.31521606445312,0.9853101968765259,right_elbow,604.4163818359375,236.6888885498047,0.9817051887512207,right_wrist,649.4896240234375,199.80575561523438,0.9816981554031372,left_shoulder,699.7650756835938,234.24142456054688,0.9856729507446289,left_elbow,710.90576171875,267.7212219238281,0.9810423851013184,left_wrist,680.7107543945312,224.53689575195312,0.9819779992103577,mid_hip,641.969482421875,326.4366149902344,0.9953853487968445,right_hip,619.3028564453125,323.1856994628906,0.9955291152000427,right_knee,607.5723876953125,386.2011413574219,0.9580241441726685,right_ankle,593.8301391601562,436.1170654296875,0.655797004699707,left_hip,664.6361083984375,329.6875,0.995241641998291,left_knee,658.4392700195312,393.26263427734375,0.9561052918434143,left_ankle,658.1934204101562,440.7596130371094,0.6519129872322083
Fall__Fall_f_raw_s_2_S_M_143_resized,41,C:\Users\ASUS\Downloads\3D_Human_Pose_NCKH\paper_baselines\lin2021_yolov8_lstm_gru\data\raw_yolov8_keypoints\Fall\Fall_Fall_f_raw_s_2_S_M_143_resized.csv,1,Fall,1,15,nose,676.54736328125,185.13845825195312,0.8784589171409607,neck,668.3759765625,226.85801696777344,0.9872943758964539,right_shoulder,635.951904296875,220.32827758789062,0.9873455166816711,right_elbow,604.500732421875,236.8110809326172,0.9826915860176086,right_wrist,649.879150390625,199.7870330810547,0.9822729229927063,left_shoulder,700.7999877929688,233.3877410888672,0.9872432947158813,left_elbow,710.8524780273438,268.83062744140625,0.980678141117096,left_wrist,681.1170043945312,225.4925537109375,0.9814258813858032,mid_hip,642.16064453125,325.66717529296875,0.9955658316612244,right_hip,619.4509887695312,322.39324951171875,0.9957388639450073,right_knee,608.6480712890625,383.89898681640625,0.9611257910728455,right_ankle,594.2990112304688,432.8541259765625,0.6772856116294861,left_hip,664.8702392578125,328.94110107421875,0.9953927993774414,left_knee,658.9485473632812,390.983154296875,0.9585797190666199,left_ankle,657.7437133789062,437.63458251953125,0.6711623072624207
Fall__Fall_f_raw_s_2_S_M_143_resized,42,C:\Users\ASUS\Downloads\3D_Human_Pose_NCKH\paper_baselines\lin2021_yolov8_lstm_gru\data\raw_yolov8_keypoints\Fall\Fall_Fall_f_raw_s_2_S_M_143_resized.csv,1,Fall,1,15,nose,678.02880859375,183.65826416015625,0.9096198678016663,neck,668.6761474609375,225.6569061279297,0.990119993686676,right_shoulder,636.0872802734375,219.1226806640625,0.9899246692657471,right_elbow,605.284423828125,235.53993225097656,0.9836187958717346,right_wrist,651.0804443359375,198.43463134765625,0.9825729131698608,left_shoulder,701.2650146484375,232.19113159179688,0.9903152585029602,left_elbow,709.6076049804688,267.6235046386719,0.9823790192604065,left_wrist,681.229736328125,225.2279510498047,0.9821330904960632,mid_hip,642.210693359375,324.8187561035156,0.9961097836494446,right_hip,619.3611450195312,321.4234924316406,0.9962055683135986,right_knee,608.29150390625,384.15496826171875,0.9627051949501038,right_ankle,593.7587280273438,428.6470031738281,0.6792553067207336,left_hip,665.0602416992188,328.2140197753906,0.9960139989852905,left_knee,657.7646484375,392.4613952636719,0.9618977308273315,left_ankle,655.6617431640625,435.8711853027344,0.6819748282432556
Fall__Fall_f_raw_s_2_S_M_143_resized,43,C:\Users\ASUS\Downloads\3D_Human_Pose_NCKH\paper_baselines\lin2021_yolov8_lstm_gru\data\raw_yolov8_keypoints\Fall\Fall_Fall_f_raw_s_2_S_M_143_resized.csv,1,Fall,1,15,nose,678.1760864257812,184.67970275878906,0.8355063796043396,neck,671.6482543945312,223.69406127929688,0.983456552028656,right_shoulder,639.7344360351562,216.172119140625,0.9802639484405518,right_elbow,601.8954467773438,236.1066436767578,0.9754610657691956,right_wrist,651.2815551757812,199.57069396972656,0.9776486754417419,left_shoulder,703.5620727539062,231.2159881591797,0.986649215221405,left_elbow,710.34228515625,267.6252136230469,0.9872167706489563,left_wrist,685.413330078125,225.05747985839844,0.9868355989456177,mid_hip,645.3197021484375,322.3221435546875,0.9954102039337158,right_hip,623.4554443359375,318.5985107421875,0.9952261447906494,right_knee,609.3981323242188,383.10186767578125,0.964979887008667,right_ankle,593.8692626953125,433.521484375,0.6940749883651733,left_hip,667.1840209960938,326.0458068847656,0.995594322681427,left_knee,657.7568359375,393.174560546875,0.9702634811401367,left_ankle,657.774658203125,444.5185241699219,0.7303443551063538
Fall__Fall_f_raw_s_2_S_M_143_resized,44,C:\Users\ASUS\Downloads\3D_Human_Pose_NCKH\paper_baselines\lin2021_yolov8_lstm_gru\data\raw_yolov8_keypoints\Fall\Fall_Fall_f_raw_s_2_S_M_143_resized.csv,1,Fall,1,15,nose,679.0315551757812,185.25718688964844,0.8347599506378174,neck,672.551025390625,223.4749755859375,0.9845053553581238,right_shoulder,639.65576171875,216.05072021484375,0.9816752076148987,right_elbow,602.5437622070312,235.91603088378906,0.9773638248443604,right_wrist,651.5104370117188,199.26593017578125,0.9787539839744568,left_shoulder,705.4463500976562,230.89923095703125,0.9873355031013489,left_elbow,711.4884643554688,267.4316101074219,0.9881044030189514,left_wrist,686.8123779296875,224.6978759765625,0.9874764084815979,mid_hip,646.4586791992188,322.012451171875,0.995826244354248,right_hip,623.8504638671875,318.522705078125,0.9956847429275513,right_knee,610.065185546875,384.1715087890625,0.9667803645133972,right_ankle,593.3029174804688,435.8739013671875,0.6975497603416443,left_hip,669.06689453125,325.5022277832031,0.9959677457809448,left_knee,658.7024536132812,391.7359619140625,0.9714863896369934,left_ankle,659.8182373046875,442.6761169433594,0.7326958775520325
Fall__Fall_f_raw_s_2_S_M_143_resized,45,C:\Users\ASUS\Downloads\3D_Human_Pose_NCKH\paper_baselines\lin2021_yolov8_lstm_gru\data\raw_yolov8_keypoints\Fall\Fall_Fall_f_raw_s_2_S_M_143_resized.csv,1,Fall,1,15,nose,678.8578491210938,186.04774475097656,0.7857273817062378,neck,671.8917846679688,223.5390625,0.9822514653205872,right_shoulder,638.625244140625,216.1044158935547,0.9795185923576355,right_elbow,602.392822265625,235.83554077148438,0.9776887893676758,right_wrist,651.6823120117188,199.8026885986328,0.9789671301841736,left_shoulder,705.1583251953125,230.9737091064453,0.984984278678894,left_elbow,712.2548217773438,267.39691162109375,0.9872898459434509,left_wrist,687.1758422851562,225.08216857910156,0.9868212342262268,mid_hip,646.4022216796875,321.389404296875,0.9964003562927246,right_hip,623.5711059570312,318.0376892089844,0.996336817741394,right_knee,609.8789672851562,383.08740234375,0.9764753580093384,right_ankle,592.760498046875,443.000244140625,0.7778657078742981,left_hip,669.2333984375,324.7411193847656,0.9964639544487,left_knee,659.6094970703125,389.4801330566406,0.9790291786193848,left_ankle,659.3418579101562,447.8908386230469,0.8014576435089111
Fall__Fall_f_raw_s_2_S_M_143_resized,46,C:\Users\ASUS\Downloads\3D_Human_Pose_NCKH\paper_baselines\lin2021_yolov8_lstm_gru\data\raw_yolov8_keypoints\Fall\Fall_Fall_f_raw_s_2_S_M_143_resized.csv,1,Fall,1,15,nose,676.5103149414062,188.679443359375,0.8629612326622009,neck,669.340576171875,226.86666870117188,0.9896819591522217,right_shoulder,636.3920288085938,220.76158142089844,0.9899381399154663,right_elbow,606.6144409179688,234.8146209716797,0.985885500907898,right_wrist,649.4403686523438,199.78939819335938,0.9832219481468201,left_shoulder,702.2891845703125,232.97177124023438,0.989425778388977,left_elbow,711.9533081054688,265.76611328125,0.9834818840026855,left_wrist,683.1748657226562,223.82908630371094,0.9819485545158386,mid_hip,643.7516479492188,319.6721496582031,0.9980274438858032,right_hip,620.61669921875,316.9947509765625,0.9981428384780884,right_knee,609.9990234375,376.7596740722656,0.9910122156143188,right_ankle,590.7543334960938,432.7205810546875,0.9224807024002075,left_hip,666.8865966796875,322.34954833984375,0.9979119896888733,left_knee,659.86474609375,378.3323669433594,0.9897100329399109,left_ankle,657.1148681640625,428.57440185546875,0.9162730574607849
Fall__Fall_f_raw_s_2_S_M_143_resized,47,C:\Users\ASUS\Downloads\3D_Human_Pose_NCKH\paper_baselines\lin2021_yolov8_lstm_gru\data\raw_yolov8_keypoints\Fall\Fall_Fall_f_raw_s_2_S_M_143_resized.csv,1,Fall,1,15,nose,676.0530395507812,188.06275939941406,0.8738452792167664,neck,669.6840209960938,226.9706573486328,0.9914616942405701,right_shoulder,636.9153442382812,220.8783416748047,0.9916822910308838,right_elbow,606.4449462890625,235.11871337890625,0.9870377779006958,right_wrist,649.0001831054688,200.35340881347656,0.9843834638595581,left_shoulder,702.4526977539062,233.06295776367188,0.9912410378456116,left_elbow,712.2105712890625,265.7593994140625,0.9843968749046326,left_wrist,683.59033203125,224.83004760742188,0.9827498197555542,mid_hip,644.3982543945312,317.877197265625,0.9985921382904053,right_hip,621.5407104492188,315.0947570800781,0.998680055141449,right_knee,611.8014526367188,371.3874206542969,0.9946734309196472,right_ankle,594.609619140625,424.24432373046875,0.9567553400993347,left_hip,667.2557983398438,320.6596374511719,0.9985041618347168,left_knee,661.1757202148438,374.4838562011719,0.9937642812728882,left_ankle,656.8138427734375,422.6148986816406,0.9520693421363831
Fall__Fall_f_raw_s_2_S_M_143_resized,48,C:\Users\ASUS\Downloads\3D_Human_Pose_NCKH\paper_baselines\lin2021_yolov8_lstm_gru\data\raw_yolov8_keypoints\Fall\Fall_Fall_f_raw_s_2_S_M_143_resized.csv,1,Fall,1,15,nose,674.2666015625,193.7188720703125,0.8101480007171631,neck,668.7633056640625,227.69615173339844,0.9898553490638733,right_shoulder,636.3916625976562,221.64634704589844,0.9904351234436035,right_elbow,604.5079956054688,236.2185516357422,0.9879745244979858,right_wrist,647.6358642578125,201.3983154296875,0.9859508872032166,left_shoulder,701.1348876953125,233.74595642089844,0.9892756342887878,left_elbow,710.8246459960938,264.7195739746094,0.9836279153823853,left_wrist,682.55078125,222.94154357910156,0.9828824996948242,mid_hip,644.0889282226562,316.5589904785156,0.9989700317382812,right_hip,621.5051879882812,313.592041015625,0.9990587830543518,right_knee,611.3668212890625,365.1454162597656,0.9969639182090759,right_ankle,595.72265625,415.43365478515625,0.9771042466163635,left_hip,666.6727294921875,319.5259704589844,0.9988812804222107,left_knee,661.3306884765625,370.8736877441406,0.9962282180786133,left_ankle,657.7747192382812,417.9852294921875,0.9731963276863098
Fall__Fall_f_raw_s_2_S_M_143_resized,49,C:\Users\ASUS\Downloads\3D_Human_Pose_NCKH\paper_baselines\lin2021_yolov8_lstm_gru\data\raw_yolov8_keypoints\Fall\Fall_Fall_f_raw_s_2_S_M_143_resized.csv,1,Fall,1,15,nose,672.9542236328125,196.81544494628906,0.8240107893943787,neck,667.6748046875,228.3280487060547,0.9912610650062561,right_shoulder,635.0612182617188,222.0862579345703,0.9915978908538818,right_elbow,604.1033935546875,236.1073760986328,0.9887213110923767,right_wrist,647.0833740234375,201.20379638671875,0.9866496920585632,left_shoulder,700.2884521484375,234.56985473632812,0.9909241795539856,left_elbow,710.1878051757812,265.0792541503906,0.9854167103767395,left_wrist,681.0748291015625,223.71644592285156,0.9843644499778748,mid_hip,642.9586791992188,317.35943603515625,0.9991781711578369,right_hip,620.208740234375,314.31201171875,0.9992414712905884,right_knee,609.8659057617188,365.296875,0.9975758194923401,right_ankle,595.644775390625,414.08197021484375,0.9816727042198181,left_hip,665.7086181640625,320.4068603515625,0.9991148114204407,left_knee,660.2053833007812,371.0741271972656,0.997050404548645,left_ankle,657.3629150390625,416.6162414550781,0.9789276123046875
Fall__Fall_f_raw_s_2_S_M_143_resized,50,C:\Users\ASUS\Downloads\3D_Human_Pose_NCKH\paper_baselines\lin2021_yolov8_lstm_gru\data\raw_yolov8_keypoints\Fall\Fall_Fall_f_raw_s_2_S_M_143_resized.csv,1,Fall,1,15,nose,673.8624267578125,194.23744201660156,0.8391534090042114,neck,667.8606567382812,228.43092346191406,0.9918685555458069,right_shoulder,635.3372802734375,222.25360107421875,0.9921761155128479,right_elbow,604.33984375,235.98605346679688,0.9891110062599182,right_wrist,647.654296875,200.32957458496094,0.9870421886444092,left_shoulder,700.3839721679688,234.60824584960938,0.9915609955787659,left_elbow,709.5718383789062,264.7611083984375,0.9857967495918274,left_wrist,681.9647216796875,223.21221923828125,0.9846962690353394,mid_hip,643.162109375,317.5539245605469,0.9991816282272339,right_hip,620.4290161132812,314.5295715332031,0.9992438554763794,right_knee,609.3448486328125,365.29376220703125,0.9975460171699524,right_ankle,595.2071533203125,413.9728088378906,0.9812029004096985,left_hip,665.895263671875,320.5782470703125,0.9991193413734436,left_knee,660.42626953125,371.1746520996094,0.9970359802246094,left_ankle,657.1663208007812,416.9620361328125,0.9785699844360352
Fall__Fall_f_raw_s_2_S_M_143_resized,51,C:\Users\ASUS\Downloads\3D_Human_Pose_NCKH\paper_baselines\lin2021_yolov8_lstm_gru\data\raw_yolov8_keypoints\Fall\Fall_Fall_f_raw_s_2_S_M_143_resized.csv,1,Fall,1,15,nose,674.3292846679688,192.0614013671875,0.8435694575309753,neck,668.2625732421875,227.26278686523438,0.9898414015769958,right_shoulder,635.8613891601562,221.21762084960938,0.9908353090286255,right_elbow,602.8010864257812,235.74525451660156,0.9873457551002502,right_wrist,648.4801635742188,199.35348510742188,0.9861706495285034,left_shoulder,700.6636962890625,233.30795288085938,0.9888474941253662,left_elbow,709.0833740234375,265.4190368652344,0.980282187461853,left_wrist,683.6390380859375,224.843505859375,0.9812183976173401,mid_hip,643.161865234375,318.8597717285156,0.9986339211463928,right_hip,620.4650268554688,315.8608703613281,0.9987756609916687,right_knee,607.9807739257812,364.80645751953125,0.9946503043174744,right_ankle,594.9558715820312,413.2297058105469,0.9575715065002441,left_hip,665.8587646484375,321.85870361328125,0.9984922409057617,left_knee,660.4003295898438,371.18048095703125,0.9931499361991882,left_ankle,659.5347290039062,416.6540222167969,0.94959956407547
Fall__Fall_f_raw_s_2_S_M_143_resized,52,C:\Users\ASUS\Downloads\3D_Human_Pose_NCKH\paper_baselines\lin2021_yolov8_lstm_gru\data\raw_yolov8_keypoints\Fall\Fall_Fall_f_raw_s_2_S_M_143_resized.csv,1,Fall,1,15,nose,673.5767211914062,188.48435974121094,0.8024152517318726,neck,667.3514404296875,224.50277709960938,0.9933900237083435,right_shoulder,634.886962890625,216.6214599609375,0.9933134913444519,right_elbow,601.8362426757812,234.15476989746094,0.991957426071167,right_wrist,647.0116577148438,194.69659423828125,0.990159809589386,left_shoulder,699.8158569335938,232.38409423828125,0.9934665560722351,left_elbow,711.9488525390625,269.111572265625,0.9918688535690308,left_wrist,682.265625,224.81326293945312,0.9903982877731323,mid_hip,644.099365234375,316.0173645019531,0.9995043277740479,right_hip,621.8505859375,312.3317565917969,0.9995393753051758,right_knee,607.7554931640625,365.6307373046875,0.9986752867698669,right_ankle,595.1121215820312,412.1689147949219,0.9885015487670898,left_hip,666.3480834960938,319.7029724121094,0.9994692206382751,left_knee,657.3651123046875,372.49774169921875,0.9985053539276123,left_ankle,658.3090209960938,417.83184814453125,0.9879499673843384
Fall__Fall_f_raw_s_2_S_M_143_resized,53,C:\Users\ASUS\Downloads\3D_Human_Pose_NCKH\paper_baselines\lin2021_yolov8_lstm_gru\data\raw_yolov8_keypoints\Fall\Fall_Fall_f_raw_s_2_S_M_143_resized.csv,1,Fall,1,15,nose,673.2637329101562,189.37966918945312,0.7886064052581787,neck,667.39501953125,224.37681579589844,0.9931710362434387,right_shoulder,634.5657348632812,216.54736328125,0.9930689334869385,right_elbow,602.2550048828125,233.8860626220703,0.9919962286949158,right_wrist,647.2930908203125,195.45970153808594,0.9903035759925842,left_shoulder,700.2243041992188,232.20628356933594,0.993273138999939,left_elbow,712.5230102539062,268.6020812988281,0.9920029640197754,left_wrist,682.4248657226562,224.9866180419922,0.9906189441680908,mid_hip,644.513916015625,316.17620849609375,0.9995072484016418,right_hip,622.0087280273438,312.50775146484375,0.9995417594909668,right_knee,608.2086791992188,365.6374816894531,0.9986466765403748,right_ankle,595.7940063476562,410.8067626953125,0.9881259202957153,left_hip,667.0191040039062,319.8446350097656,0.9994726777076721,left_knee,657.7537841796875,372.46197509765625,0.9984742999076843,left_ankle,658.5753784179688,416.29193115234375,0.987557053565979
Fall__Fall_f_raw_s_2_S_M_143_resized,54,C:\Users\ASUS\Downloads\3D_Human_Pose_NCKH\paper_baselines\lin2021_yolov8_lstm_gru\data\raw_yolov8_keypoints\Fall\Fall_Fall_f_raw_s_2_S_M_143_resized.csv,1,Fall,1,15,nose,675.6049194335938,186.5785369873047,0.8052489161491394,neck,668.69287109375,223.33377075195312,0.9934966564178467,right_shoulder,635.9752807617188,215.63372802734375,0.9935200810432434,right_elbow,603.8338623046875,233.63009643554688,0.9922907948493958,right_wrist,648.1285400390625,195.41847229003906,0.9904539585113525,left_shoulder,701.4105224609375,231.0338134765625,0.99347323179245,left_elbow,714.0315551757812,267.56243896484375,0.9916974306106567,left_wrist,685.007080078125,224.0887451171875,0.990196943283081,mid_hip,645.6884155273438,315.4089660644531,0.9994997382164001,right_hip,623.277587890625,311.72528076171875,0.9995384216308594,right_knee,608.7951049804688,364.4556579589844,0.9986625909805298,right_ankle,596.2579956054688,410.9577941894531,0.9883084297180176,left_hip,668.0992431640625,319.0926818847656,0.9994611144065857,left_knee,658.4343872070312,371.7082214355469,0.9984769225120544,left_ankle,659.1575927734375,417.47869873046875,0.9876943826675415
Fall__Fall_f_raw_s_2_S_M_143_resized,55,C:\Users\ASUS\Downloads\3D_Human_Pose_NCKH\paper_baselines\lin2021_yolov8_lstm_gru\data\raw_yolov8_keypoints\Fall\Fall_Fall_f_raw_s_2_S_M_143_resized.csv,1,Fall,1,15,nose,677.0599365234375,184.17774963378906,0.8271788954734802,neck,669.7484130859375,222.3531036376953,0.9943157434463501,right_shoulder,636.6791381835938,214.66696166992188,0.994209885597229,right_elbow,604.7080688476562,233.17323303222656,0.9926207065582275,right_wrist,650.045166015625,193.47755432128906,0.9906676411628723,left_shoulder,702.8176879882812,230.03924560546875,0.9944215416908264,left_elbow,715.7717895507812,267.0948791503906,0.99254310131073,left_wrist,685.8607788085938,223.41783142089844,0.9908879995346069,mid_hip,646.2879638671875,314.93951416015625,0.9995172023773193,right_hip,623.6580200195312,311.2935485839844,0.9995482563972473,right_knee,610.3986206054688,363.9290466308594,0.998630940914154,right_ankle,597.1621704101562,411.12744140625,0.9877132177352905,left_hip,668.91796875,318.58551025390625,0.9994862079620361,left_knee,659.5081787109375,371.0624694824219,0.9984867572784424,left_ankle,659.6409301757812,417.570068359375,0.9873608350753784
Fall__Fall_f_raw_s_2_S_M_143_resized,56,C:\Users\ASUS\Downloads\3D_Human_Pose_NCKH\paper_baselines\lin2021_yolov8_lstm_gru\data\raw_yolov8_keypoints\Fall\Fall_Fall_f_raw_s_2_S_M_143_resized.csv,1,Fall,1,15,nose,676.0936279296875,187.3240509033203,0.6899171471595764,neck,670.4293212890625,222.55679321289062,0.9910616278648376,right_shoulder,636.8050537109375,214.9239959716797,0.9909642934799194,right_elbow,604.8258056640625,232.89114379882812,0.9917820692062378,right_wrist,649.87109375,194.22119140625,0.9901801347732544,left_shoulder,704.0535888671875,230.18960571289062,0.9911590218544006,left_elbow,716.181640625,266.8526306152344,0.9917002320289612,left_wrist,685.4623413085938,223.72747802734375,0.9904847145080566,mid_hip,647.1384887695312,315.08056640625,0.9994878768920898,right_hip,624.0433349609375,311.3898620605469,0.999525785446167,right_knee,611.0989990234375,364.66815185546875,0.9986119270324707,right_ankle,596.6912841796875,411.2575378417969,0.9876688122749329,left_hip,670.2337036132812,318.7712707519531,0.9994500279426575,left_knee,659.8839721679688,372.2312927246094,0.998428463935852,left_ankle,660.1223754882812,417.9806213378906,0.9869509339332581
Fall__Fall_f_raw_s_2_S_M_143_resized,57,C:\Users\ASUS\Downloads\3D_Human_Pose_NCKH\paper_baselines\lin2021_yolov8_lstm_gru\data\raw_yolov8_keypoints\Fall\Fall_Fall_f_raw_s_2_S_M_143_resized.csv,1,Fall,1,15,nose,675.418212890625,189.8897247314453,0.6838950514793396,neck,670.5553588867188,223.7604522705078,0.9903830289840698,right_shoulder,636.8973388671875,216.24815368652344,0.9902647733688354,right_elbow,604.6578979492188,233.99574279785156,0.9913823008537292,right_wrist,650.0760498046875,195.5970001220703,0.9898854494094849,left_shoulder,704.21337890625,231.27273559570312,0.9905012845993042,left_elbow,716.9507446289062,267.8761291503906,0.9914222359657288,left_wrist,685.2955322265625,224.81100463867188,0.9903042912483215,mid_hip,647.705078125,315.94183349609375,0.9994210004806519,right_hip,624.6502075195312,312.2904052734375,0.9994627833366394,right_knee,612.0292358398438,364.5165100097656,0.9984149932861328,right_ankle,596.7601928710938,412.40338134765625,0.9860665202140808,left_hip,670.7598876953125,319.59326171875,0.9993791580200195,left_knee,659.708984375,371.88372802734375,0.9982089996337891,left_ankle,659.9845581054688,418.7608337402344,0.9852348566055298
Fall__Fall_f_raw_s_2_S_M_143_resized,58,C:\Users\ASUS\Downloads\3D_Human_Pose_NCKH\paper_baselines\lin2021_yolov8_lstm_gru\data\raw_yolov8_keypoints\Fall\Fall_Fall_f_raw_s_2_S_M_143_resized.csv,1,Fall,1,15,nose,675.8193359375,191.80038452148438,0.6438634991645813,neck,671.339599609375,223.68118286132812,0.9891937375068665,right_shoulder,637.7176513671875,216.10369873046875,0.9893984794616699,right_elbow,604.6962890625,234.11441040039062,0.9913445711135864,right_wrist,650.3011474609375,195.55313110351562,0.9897704124450684,left_shoulder,704.9615478515625,231.25868225097656,0.9889889359474182,left_elbow,717.5081787109375,268.3793029785156,0.9905871748924255,left_wrist,685.8596801757812,225.0128936767578,0.9895634055137634,mid_hip,647.876953125,315.73162841796875,0.9994135499000549,right_hip,624.8308715820312,312.0560607910156,0.9994664788246155,right_knee,611.774169921875,364.98077392578125,0.9984673857688904,right_ankle,596.8353881835938,412.8758239746094,0.9866151809692383,left_hip,670.9229736328125,319.4071960449219,0.9993606209754944,left_knee,659.687255859375,372.2675476074219,0.998190701007843,left_ankle,660.5540771484375,418.7232360839844,0.9852999448776245
Fall__Fall_f_raw_s_2_S_M_143_resized,59,C:\Users\ASUS\Downloads\3D_Human_Pose_NCKH\paper_baselines\lin2021_yolov8_lstm_gru\data\raw_yolov8_keypoints\Fall\Fall_Fall_f_raw_s_2_S_M_143_resized.csv,1,Fall,1,15,nose,677.0432739257812,188.87091064453125,0.8313509821891785,neck,671.3349609375,224.6814727783203,0.9911494255065918,right_shoulder,637.8363647460938,218.59161376953125,0.9915195107460022,right_elbow,605.7762451171875,235.6658935546875,0.9888865351676941,right_wrist,649.2872314453125,199.22805786132812,0.9866322875022888,left_shoulder,704.8336181640625,230.77134704589844,0.9907792806625366,left_elbow,713.6007690429688,264.8011779785156,0.9854763150215149,left_wrist,683.4859008789062,223.8454132080078,0.984263002872467,mid_hip,645.8432006835938,317.6482849121094,0.9989521503448486,right_hip,622.4657592773438,314.6010437011719,0.999035120010376,right_knee,612.5822143554688,365.4673767089844,0.9964072108268738,right_ankle,596.4201049804688,414.71636962890625,0.9709290862083435,left_hip,669.220703125,320.69549560546875,0.9988692402839661,left_knee,662.1295776367188,371.5724182128906,0.9956525564193726,left_ankle,657.7156372070312,417.99395751953125,0.9666983485221863
